-0.050914 0.11723 1.1767 -0.0081518 0.7386 -0.67027 0.071798
-0.050914 0.11723 1.1767 -0.0081518 0.7386 -0.67027 0.071798
-0.050914 0.11723 1.1767 -0.0081518 0.7386 -0.67027 0.071798
-0.051016 0.11762 1.1765 -0.0080792 0.73864 -0.67026 0.071332
-0.050341 0.11712 1.1765 -0.0085394 0.73913 -0.66979 0.070658
-0.051036 0.11784 1.1763 -0.0080115 0.73856 -0.67039 0.071014
-0.051444 0.11738 1.1764 -0.0075319 0.73885 -0.67001 0.071601
-0.050828 0.11741 1.1771 -0.0082439 0.7384 -0.67054 0.071226
-0.051047 0.11737 1.1764 -0.0079222 0.73875 -0.67009 0.071828
-0.051047 0.11737 1.1764 -0.0079222 0.73875 -0.67009 0.071828
-0.051353 0.117 1.1763 -0.0079204 0.73932 -0.66958 0.070718
-0.050586 0.11728 1.1766 -0.0090092 0.73888 -0.67007 0.070515
-0.050899 0.11693 1.1764 -0.0082932 0.73921 -0.66962 0.071434
-0.050706 0.11696 1.1757 -0.0090067 0.73997 -0.66881 0.071055
-0.051173 0.11789 1.1767 -0.0080095 0.7384 -0.67058 0.070875
-0.051173 0.11789 1.1767 -0.0080095 0.7384 -0.67058 0.070875
-0.05098 0.11747 1.1769 -0.0080056 0.73856 -0.6704 0.070973
-0.050095 0.11744 1.1768 -0.0094033 0.73895 -0.66994 0.071022
-0.051099 0.11772 1.1766 -0.0079117 0.73825 -0.67068 0.07148
-0.050749 0.11762 1.1766 -0.0084024 0.73854 -0.67038 0.071187
-0.051032 0.11677 1.177 -0.0080606 0.73878 -0.6701 0.071478
-0.051076 0.11792 1.1768 -0.0082066 0.73838 -0.67062 0.070756
-0.051076 0.11792 1.1768 -0.0082066 0.73838 -0.67062 0.070756
-0.050257 0.11736 1.1767 -0.0086248 0.73865 -0.67023 0.071495
-0.050551 0.11719 1.177 -0.0088232 0.73856 -0.67037 0.071121
-0.050607 0.11747 1.177 -0.0081697 0.73841 -0.67054 0.071213
-0.051174 0.11754 1.1769 -0.0079024 0.73825 -0.67074 0.070935
-0.050507 0.1174 1.1767 -0.0086852 0.73896 -0.66991 0.071369
-0.050845 0.1171 1.1764 -0.0078004 0.73917 -0.66978 0.070444
-0.050845 0.1171 1.1764 -0.0078004 0.73917 -0.66978 0.070444
-0.050913 0.11716 1.1766 -0.0077418 0.73911 -0.6697 0.071837
-0.05058 0.11733 1.1764 -0.0089145 0.73891 -0.66997 0.071232
-0.050763 0.11726 1.1764 -0.0090344 0.73922 -0.6696 0.071452
-0.050951 0.11753 1.177 -0.0080262 0.73827 -0.67068 0.071292
-0.050877 0.11705 1.1767 -0.0080932 0.73912 -0.66979 0.070898
-0.050841 0.11711 1.1771 -0.0083524 0.73842 -0.67057 0.070691
-0.050841 0.11711 1.1771 -0.0083524 0.73842 -0.67057 0.070691
-0.0514 0.11791 1.1769 -0.008057 0.73804 -0.67092 0.07142
-0.051203 0.11713 1.1764 -0.0072707 0.73907 -0.66982 0.071212
-0.050795 0.11728 1.1767 -0.0087537 0.73881 -0.67013 0.070742
-0.050368 0.11694 1.1767 -0.0093443 0.73897 -0.66988 0.071424
-0.050586 0.11839 1.1768 -0.0082655 0.73793 -0.67107 0.07114
-0.050586 0.11839 1.1768 -0.0082655 0.73793 -0.67107 0.07114
-0.050754 0.11741 1.1769 -0.0082436 0.73858 -0.67031 0.071517
-0.050751 0.11708 1.177 -0.0087002 0.73866 -0.67023 0.071483
-0.050057 0.11709 1.1767 -0.0087864 0.7391 -0.66974 0.071399
-0.050428 0.11704 1.1764 -0.0090204 0.73925 -0.66961 0.071089
-0.051008 0.11821 1.177 -0.0084516 0.73795 -0.67109 0.070696
-0.05034 0.11727 1.1766 -0.0088785 0.73885 -0.67007 0.070943
-0.05034 0.11727 1.1766 -0.0088785 0.73885 -0.67007 0.070943
-0.050757 0.11708 1.1766 -0.008001 0.73899 -0.66988 0.071424
-0.050656 0.11767 1.1764 -0.0083167 0.73866 -0.67026 0.071104
-0.050367 0.11712 1.1767 -0.0089731 0.73903 -0.66985 0.071007
-0.050344 0.11782 1.1768 -0.0088713 0.7386 -0.67034 0.070936
-0.050603 0.11734 1.1762 -0.0085522 0.73928 -0.66956 0.071311
-0.051312 0.11764 1.1766 -0.0078146 0.73845 -0.67053 0.070813
-0.051312 0.11764 1.1766 -0.0078146 0.73845 -0.67053 0.070813
-0.05072 0.11752 1.1759 -0.0077208 0.73922 -0.6696 0.071627
-0.050968 0.11732 1.1767 -0.0082528 0.73873 -0.67017 0.071297
-0.050908 0.11749 1.1771 -0.0080348 0.73836 -0.67064 0.070751
-0.051242 0.11804 1.1775 -0.0072585 0.73743 -0.67162 0.0712
-0.050847 0.11702 1.1767 -0.0078594 0.73895 -0.67001 0.070523
-0.050847 0.11702 1.1767 -0.0078594 0.73895 -0.67001 0.070523
-0.051141 0.11733 1.1763 -0.0080995 0.73894 -0.66993 0.071418
-0.051061 0.11692 1.1764 -0.0080103 0.73914 -0.66968 0.071718
-0.050477 0.11753 1.1767 -0.0089797 0.73858 -0.67028 0.071715
-0.050901 0.11686 1.1765 -0.0080189 0.7393 -0.66953 0.071406
-0.051054 0.11791 1.1766 -0.0082005 0.73827 -0.67069 0.071145
-0.051283 0.11736 1.1764 -0.0074481 0.73881 -0.67006 0.071586
-0.051283 0.11736 1.1764 -0.0074481 0.73881 -0.67006 0.071586
-0.050911 0.11697 1.1766 -0.008311 0.73913 -0.66978 0.070884
-0.05116 0.11708 1.1767 -0.0076481 0.73893 -0.66991 0.071746
-0.050845 0.11694 1.1767 -0.0081631 0.73892 -0.66995 0.071341
-0.050567 0.11697 1.1768 -0.0090998 0.73871 -0.67016 0.07149
-0.050417 0.11719 1.1769 -0.0091711 0.73879 -0.67005 0.071655
-0.051064 0.11752 1.1766 -0.0079461 0.73873 -0.67015 0.071432
-0.051064 0.11752 1.1766 -0.0079461 0.73873 -0.67015 0.071432
-0.05096 0.11705 1.1766 -0.0078572 0.73911 -0.66981 0.070713
-0.050708 0.11734 1.1768 -0.0087472 0.73842 -0.67044 0.071833
-0.05104 0.11764 1.177 -0.0080796 0.73833 -0.67064 0.071004
-0.050626 0.11765 1.1764 -0.0088745 0.73865 -0.67022 0.071618
-0.051151 0.11736 1.1767 -0.0083088 0.73855 -0.67039 0.071104
-0.050599 0.11676 1.177 -0.008581 0.73887 -0.66999 0.07148
-0.050599 0.11676 1.177 -0.008581 0.73887 -0.66999 0.07148
-0.050632 0.1177 1.1768 -0.0085145 0.73846 -0.67052 0.070694
-0.050865 0.11716 1.1766 -0.0086976 0.73891 -0.66994 0.071476
-0.051514 0.1171 1.1767 -0.0074577 0.73891 -0.67001 0.071017
-0.051019 0.11756 1.1766 -0.0082295 0.73873 -0.67021 0.070918
-0.051132 0.11786 1.1771 -0.0077293 0.73807 -0.67097 0.070652
-0.050709 0.11759 1.177 -0.0085824 0.73829 -0.67062 0.071547
-0.050709 0.11759 1.177 -0.0085824 0.73829 -0.67062 0.071547
-0.050411 0.1171 1.1767 -0.0080293 0.73908 -0.6698 0.071183
-0.051597 0.11735 1.1768 -0.0074376 0.73853 -0.6704 0.071216
-0.050514 0.11731 1.1766 -0.0083775 0.73876 -0.67011 0.071498
-0.051018 0.11723 1.1769 -0.0079227 0.7387 -0.67021 0.071223
-0.051493 0.1176 1.1768 -0.0080685 0.73829 -0.67069 0.07099
-0.051493 0.1176 1.1768 -0.0080685 0.73829 -0.67069 0.07099
-0.050632 0.11788 1.177 -0.0078547 0.73811 -0.67093 0.070596
-0.051361 0.11758 1.1763 -0.008248 0.73866 -0.67019 0.071748
-0.050956 0.11688 1.1769 -0.0083116 0.73903 -0.66983 0.071337
-0.050898 0.11769 1.1769 -0.0082414 0.73826 -0.6707 0.071203
-0.051157 0.11755 1.1769 -0.0083003 0.7381 -0.67083 0.071605
-0.05059 0.11739 1.1767 -0.0089238 0.73864 -0.67027 0.071163
-0.05059 0.11739 1.1767 -0.0089238 0.73864 -0.67027 0.071163
-0.050922 0.11767 1.1767 -0.0077954 0.73851 -0.67042 0.071295
-0.050872 0.11753 1.177 -0.0080729 0.73834 -0.67065 0.070823
-0.050872 0.11753 1.177 -0.0080729 0.73834 -0.67065 0.070823
-0.050811 0.11742 1.177 -0.0085443 0.73849 -0.67047 0.070968
-0.050959 0.11763 1.1765 -0.0079553 0.73878 -0.67013 0.071177
-0.050926 0.11765 1.177 -0.0075487 0.7386 -0.67036 0.070952
-0.050926 0.11765 1.177 -0.0075487 0.7386 -0.67036 0.070952
-0.050831 0.11782 1.1766 -0.0079137 0.7388 -0.67006 0.071541
-0.051087 0.1184 1.1773 -0.0076793 0.73807 -0.67088 0.071529
-0.050485 0.11866 1.1774 -0.0079555 0.73803 -0.6709 0.071721
-0.050714 0.11852 1.1771 -0.0084203 0.73863 -0.67022 0.071763
-0.051185 0.1196 1.1772 -0.0079071 0.73833 -0.67059 0.071523
-0.05071 0.11988 1.1766 -0.0078973 0.73911 -0.66977 0.071168
-0.05071 0.11988 1.1766 -0.0078973 0.73911 -0.66977 0.071168
-0.05115 0.12137 1.1773 -0.00863 0.73791 -0.67111 0.070919
-0.05115 0.12137 1.1773 -0.00863 0.73791 -0.67111 0.070919
-0.050463 0.12183 1.1772 -0.0090083 0.73827 -0.67064 0.071566
-0.050562 0.12263 1.1774 -0.0081039 0.73811 -0.67087 0.07111
-0.050823 0.12367 1.1773 -0.0085356 0.73757 -0.67135 0.072152
-0.050404 0.12508 1.1769 -0.0089997 0.73827 -0.67066 0.071368
-0.050404 0.12508 1.1769 -0.0089997 0.73827 -0.67066 0.071368
-0.050391 0.12594 1.1771 -0.0091421 0.7384 -0.67062 0.070443
-0.050391 0.12594 1.1771 -0.0091421 0.7384 -0.67062 0.070443
-0.050334 0.12733 1.1773 -0.0087124 0.73766 -0.67139 0.070853
-0.05076 0.12793 1.1772 -0.0079738 0.7381 -0.67087 0.071217
-0.049965 0.12829 1.1771 -0.0098268 0.73874 -0.67019 0.070816
-0.050229 0.12976 1.177 -0.0088125 0.73881 -0.67011 0.070935
-0.05067 0.13126 1.1772 -0.0084076 0.73819 -0.67075 0.071431
-0.05067 0.13126 1.1772 -0.0084076 0.73819 -0.67075 0.071431
-0.050293 0.13255 1.1771 -0.0094168 0.73821 -0.67078 0.07077
-0.050067 0.13355 1.1774 -0.0095762 0.73776 -0.67122 0.071272
-0.050339 0.13466 1.177 -0.0089848 0.73806 -0.67088 0.071453
-0.049424 0.13542 1.1774 -0.010281 0.73819 -0.67081 0.070629
-0.049424 0.13542 1.1774 -0.010281 0.73819 -0.67081 0.070629
-0.050203 0.13727 1.177 -0.0086992 0.73871 -0.67022 0.070987
-0.049544 0.13915 1.1772 -0.0094815 0.73825 -0.67082 0.069955
-0.049807 0.13982 1.1766 -0.0097534 0.73908 -0.6698 0.070948
-0.050284 0.14078 1.1769 -0.0084823 0.73874 -0.67021 0.070825
-0.050284 0.14078 1.1769 -0.0084823 0.73874 -0.67021 0.070825
-0.049771 0.14386 1.1764 -0.0098522 0.73905 -0.66989 0.070415
-0.049499 0.14689 1.1763 -0.009511 0.73854 -0.67044 0.070623
-0.049746 0.14815 1.1768 -0.0096792 0.73837 -0.6706 0.070711
-0.049746 0.14815 1.1768 -0.0096792 0.73837 -0.6706 0.070711
-0.049746 0.14815 1.1768 -0.0096792 0.73837 -0.6706 0.070711
-0.049746 0.14815 1.1768 -0.0096792 0.73837 -0.6706 0.070711
-0.049638 0.15298 1.1766 -0.0096661 0.73826 -0.6708 0.070035
-0.049984 0.15598 1.1762 -0.008642 0.73854 -0.67042 0.070844
-0.049984 0.15598 1.1762 -0.008642 0.73854 -0.67042 0.070844
-0.049984 0.15598 1.1762 -0.008642 0.73854 -0.67042 0.070844
-0.049984 0.15598 1.1762 -0.008642 0.73854 -0.67042 0.070844
-0.04991 0.16056 1.1759 -0.0088916 0.73837 -0.67062 0.070722
-0.050524 0.16171 1.1758 -0.0083264 0.73889 -0.66997 0.071448
-0.050069 0.16382 1.1762 -0.0084672 0.73828 -0.67072 0.070804
-0.050069 0.16382 1.1762 -0.0084672 0.73828 -0.67072 0.070804
-0.049754 0.16703 1.176 -0.0094449 0.73816 -0.6708 0.071183
-0.049421 0.1698 1.1762 -0.0094215 0.73855 -0.67042 0.070653
-0.049421 0.1698 1.1762 -0.0094215 0.73855 -0.67042 0.070653
-0.050116 0.17126 1.1763 -0.0086978 0.73833 -0.67064 0.071019
-0.050116 0.17126 1.1763 -0.0086978 0.73833 -0.67064 0.071019
-0.049904 0.17463 1.176 -0.0087312 0.7382 -0.67087 0.070126
-0.050346 0.17677 1.1754 -0.0081896 0.73913 -0.6697 0.071552
-0.049937 0.17924 1.1763 -0.0080023 0.7375 -0.6716 0.070687
-0.049937 0.17924 1.1763 -0.0080023 0.7375 -0.6716 0.070687
-0.049937 0.17924 1.1763 -0.0080023 0.7375 -0.6716 0.070687
-0.049937 0.17924 1.1763 -0.0080023 0.7375 -0.6716 0.070687
-0.049873 0.18318 1.1762 -0.008893 0.738 -0.67105 0.070522
-0.048861 0.18539 1.1763 -0.0089174 0.73754 -0.67155 0.070499
-0.049043 0.18634 1.1757 -0.0090286 0.7383 -0.67073 0.070416
-0.049043 0.18634 1.1757 -0.0090286 0.7383 -0.67073 0.070416
-0.049374 0.18928 1.177 -0.0087684 0.73708 -0.67211 0.06999
-0.049874 0.19096 1.1762 -0.0081427 0.73717 -0.67189 0.071237
-0.049229 0.19183 1.1767 -0.0092298 0.73735 -0.67174 0.070714
-0.049428 0.19334 1.1765 -0.0087578 0.7374 -0.6717 0.070605
-0.049428 0.19334 1.1765 -0.0087578 0.7374 -0.6717 0.070605
-0.049428 0.19334 1.1765 -0.0087578 0.7374 -0.6717 0.070605
-0.048896 0.1984 1.1767 -0.0087916 0.7377 -0.67141 0.070192
-0.048896 0.1984 1.1767 -0.0087916 0.7377 -0.67141 0.070192
-0.049019 0.20035 1.1763 -0.0089757 0.73743 -0.67172 0.070078
-0.049019 0.20035 1.1763 -0.0089757 0.73743 -0.67172 0.070078
-0.049019 0.20035 1.1763 -0.0089757 0.73743 -0.67172 0.070078
-0.048552 0.20362 1.176 -0.0090387 0.73828 -0.67073 0.070596
-0.048717 0.20512 1.1766 -0.0096359 0.73754 -0.6716 0.069933
-0.048379 0.20714 1.1762 -0.0085765 0.73734 -0.67177 0.070604
-0.048379 0.20714 1.1762 -0.0085765 0.73734 -0.67177 0.070604
-0.048379 0.20714 1.1762 -0.0085765 0.73734 -0.67177 0.070604
-0.048377 0.20988 1.1763 -0.0085376 0.7382 -0.67076 0.071174
-0.0483 0.21146 1.1763 -0.0088643 0.73801 -0.671 0.070795
-0.048536 0.21307 1.1764 -0.0083659 0.73755 -0.6715 0.070971
-0.048536 0.21307 1.1764 -0.0083659 0.73755 -0.6715 0.070971
-0.048161 0.21523 1.1762 -0.0088632 0.73816 -0.67082 0.07102
-0.048072 0.21741 1.1763 -0.0092931 0.73822 -0.67083 0.070222
-0.048072 0.21741 1.1763 -0.0092931 0.73822 -0.67083 0.070222
-0.04863 0.21917 1.1761 -0.008211 0.73804 -0.67102 0.070414
-0.04863 0.21917 1.1761 -0.008211 0.73804 -0.67102 0.070414
-0.04863 0.21917 1.1761 -0.008211 0.73804 -0.67102 0.070414
-0.048536 0.22181 1.176 -0.0087375 0.73875 -0.67013 0.071399
-0.048536 0.22181 1.176 -0.0087375 0.73875 -0.67013 0.071399
-0.048536 0.22181 1.176 -0.0087375 0.73875 -0.67013 0.071399
-0.048536 0.22181 1.176 -0.0087375 0.73875 -0.67013 0.071399
-0.048536 0.22181 1.176 -0.0087375 0.73875 -0.67013 0.071399
-0.048536 0.22181 1.176 -0.0087375 0.73875 -0.67013 0.071399
-0.048536 0.22181 1.176 -0.0087375 0.73875 -0.67013 0.071399
-0.048536 0.22181 1.176 -0.0087375 0.73875 -0.67013 0.071399
-0.048536 0.22181 1.176 -0.0087375 0.73875 -0.67013 0.071399
-0.048536 0.22181 1.176 -0.0087375 0.73875 -0.67013 0.071399
-0.048536 0.22181 1.176 -0.0087375 0.73875 -0.67013 0.071399
-0.048536 0.22181 1.176 -0.0087375 0.73875 -0.67013 0.071399
-0.048536 0.22181 1.176 -0.0087375 0.73875 -0.67013 0.071399
-0.048536 0.22181 1.176 -0.0087375 0.73875 -0.67013 0.071399
-0.048536 0.22181 1.176 -0.0087375 0.73875 -0.67013 0.071399
-0.048536 0.22181 1.176 -0.0087375 0.73875 -0.67013 0.071399
-0.048536 0.22181 1.176 -0.0087375 0.73875 -0.67013 0.071399
-0.048536 0.22181 1.176 -0.0087375 0.73875 -0.67013 0.071399
-0.048536 0.22181 1.176 -0.0087375 0.73875 -0.67013 0.071399
-0.048536 0.22181 1.176 -0.0087375 0.73875 -0.67013 0.071399
-0.048536 0.22181 1.176 -0.0087375 0.73875 -0.67013 0.071399
-0.048536 0.22181 1.176 -0.0087375 0.73875 -0.67013 0.071399
-0.048536 0.22181 1.176 -0.0087375 0.73875 -0.67013 0.071399
-0.048536 0.22181 1.176 -0.0087375 0.73875 -0.67013 0.071399
-0.048536 0.22181 1.176 -0.0087375 0.73875 -0.67013 0.071399
-0.048536 0.22181 1.176 -0.0087375 0.73875 -0.67013 0.071399
-0.048536 0.22181 1.176 -0.0087375 0.73875 -0.67013 0.071399
-0.048536 0.22181 1.176 -0.0087375 0.73875 -0.67013 0.071399
-0.048536 0.22181 1.176 -0.0087375 0.73875 -0.67013 0.071399
-0.048536 0.22181 1.176 -0.0087375 0.73875 -0.67013 0.071399
-0.048536 0.22181 1.176 -0.0087375 0.73875 -0.67013 0.071399
-0.048536 0.22181 1.176 -0.0087375 0.73875 -0.67013 0.071399
-0.048536 0.22181 1.176 -0.0087375 0.73875 -0.67013 0.071399
-0.048536 0.22181 1.176 -0.0087375 0.73875 -0.67013 0.071399
-0.048536 0.22181 1.176 -0.0087375 0.73875 -0.67013 0.071399
-0.048536 0.22181 1.176 -0.0087375 0.73875 -0.67013 0.071399
-0.048536 0.22181 1.176 -0.0087375 0.73875 -0.67013 0.071399
-0.048536 0.22181 1.176 -0.0087375 0.73875 -0.67013 0.071399
-0.048536 0.22181 1.176 -0.0087375 0.73875 -0.67013 0.071399
-0.048536 0.22181 1.176 -0.0087375 0.73875 -0.67013 0.071399
-0.048536 0.22181 1.176 -0.0087375 0.73875 -0.67013 0.071399
-0.048536 0.22181 1.176 -0.0087375 0.73875 -0.67013 0.071399
-0.048536 0.22181 1.176 -0.0087375 0.73875 -0.67013 0.071399
-0.048536 0.22181 1.176 -0.0087375 0.73875 -0.67013 0.071399
-0.048536 0.22181 1.176 -0.0087375 0.73875 -0.67013 0.071399
-0.048536 0.22181 1.176 -0.0087375 0.73875 -0.67013 0.071399
-0.048536 0.22181 1.176 -0.0087375 0.73875 -0.67013 0.071399
-0.048536 0.22181 1.176 -0.0087375 0.73875 -0.67013 0.071399
-0.048536 0.22181 1.176 -0.0087375 0.73875 -0.67013 0.071399
-0.048536 0.22181 1.176 -0.0087375 0.73875 -0.67013 0.071399
-0.048536 0.22181 1.176 -0.0087375 0.73875 -0.67013 0.071399
-0.048536 0.22181 1.176 -0.0087375 0.73875 -0.67013 0.071399
-0.048536 0.22181 1.176 -0.0087375 0.73875 -0.67013 0.071399
-0.048536 0.22181 1.176 -0.0087375 0.73875 -0.67013 0.071399
-0.048536 0.22181 1.176 -0.0087375 0.73875 -0.67013 0.071399
-0.048536 0.22181 1.176 -0.0087375 0.73875 -0.67013 0.071399
-0.048536 0.22181 1.176 -0.0087375 0.73875 -0.67013 0.071399
-0.048536 0.22181 1.176 -0.0087375 0.73875 -0.67013 0.071399
-0.048536 0.22181 1.176 -0.0087375 0.73875 -0.67013 0.071399
-0.048536 0.22181 1.176 -0.0087375 0.73875 -0.67013 0.071399
-0.048536 0.22181 1.176 -0.0087375 0.73875 -0.67013 0.071399
-0.048536 0.22181 1.176 -0.0087375 0.73875 -0.67013 0.071399
-0.048536 0.22181 1.176 -0.0087375 0.73875 -0.67013 0.071399
-0.048536 0.22181 1.176 -0.0087375 0.73875 -0.67013 0.071399
-0.048536 0.22181 1.176 -0.0087375 0.73875 -0.67013 0.071399
-0.048536 0.22181 1.176 -0.0087375 0.73875 -0.67013 0.071399
-0.048536 0.22181 1.176 -0.0087375 0.73875 -0.67013 0.071399
-0.048536 0.22181 1.176 -0.0087375 0.73875 -0.67013 0.071399
-0.048536 0.22181 1.176 -0.0087375 0.73875 -0.67013 0.071399
-0.048536 0.22181 1.176 -0.0087375 0.73875 -0.67013 0.071399
-0.048536 0.22181 1.176 -0.0087375 0.73875 -0.67013 0.071399
-0.048536 0.22181 1.176 -0.0087375 0.73875 -0.67013 0.071399
-0.048536 0.22181 1.176 -0.0087375 0.73875 -0.67013 0.071399
-0.048536 0.22181 1.176 -0.0087375 0.73875 -0.67013 0.071399
-0.048536 0.22181 1.176 -0.0087375 0.73875 -0.67013 0.071399
-0.048536 0.22181 1.176 -0.0087375 0.73875 -0.67013 0.071399
-0.048536 0.22181 1.176 -0.0087375 0.73875 -0.67013 0.071399
-0.048536 0.22181 1.176 -0.0087375 0.73875 -0.67013 0.071399
-0.048536 0.22181 1.176 -0.0087375 0.73875 -0.67013 0.071399
-0.048536 0.22181 1.176 -0.0087375 0.73875 -0.67013 0.071399
-0.048536 0.22181 1.176 -0.0087375 0.73875 -0.67013 0.071399
-0.048536 0.22181 1.176 -0.0087375 0.73875 -0.67013 0.071399
-0.048536 0.22181 1.176 -0.0087375 0.73875 -0.67013 0.071399
-0.048536 0.22181 1.176 -0.0087375 0.73875 -0.67013 0.071399
-0.048536 0.22181 1.176 -0.0087375 0.73875 -0.67013 0.071399
-0.048536 0.22181 1.176 -0.0087375 0.73875 -0.67013 0.071399
-0.048536 0.22181 1.176 -0.0087375 0.73875 -0.67013 0.071399
-0.048536 0.22181 1.176 -0.0087375 0.73875 -0.67013 0.071399
-0.048536 0.22181 1.176 -0.0087375 0.73875 -0.67013 0.071399
-0.048536 0.22181 1.176 -0.0087375 0.73875 -0.67013 0.071399
-0.048536 0.22181 1.176 -0.0087375 0.73875 -0.67013 0.071399
-0.048536 0.22181 1.176 -0.0087375 0.73875 -0.67013 0.071399
-0.048536 0.22181 1.176 -0.0087375 0.73875 -0.67013 0.071399
-0.048536 0.22181 1.176 -0.0087375 0.73875 -0.67013 0.071399
-0.048536 0.22181 1.176 -0.0087375 0.73875 -0.67013 0.071399
-0.048536 0.22181 1.176 -0.0087375 0.73875 -0.67013 0.071399
-0.048536 0.22181 1.176 -0.0087375 0.73875 -0.67013 0.071399
-0.048536 0.22181 1.176 -0.0087375 0.73875 -0.67013 0.071399
-0.048536 0.22181 1.176 -0.0087375 0.73875 -0.67013 0.071399
-0.048536 0.22181 1.176 -0.0087375 0.73875 -0.67013 0.071399
-0.048536 0.22181 1.176 -0.0087375 0.73875 -0.67013 0.071399
-0.048536 0.22181 1.176 -0.0087375 0.73875 -0.67013 0.071399
-0.048536 0.22181 1.176 -0.0087375 0.73875 -0.67013 0.071399
-0.048536 0.22181 1.176 -0.0087375 0.73875 -0.67013 0.071399
-0.048536 0.22181 1.176 -0.0087375 0.73875 -0.67013 0.071399
-0.048536 0.22181 1.176 -0.0087375 0.73875 -0.67013 0.071399
-0.048536 0.22181 1.176 -0.0087375 0.73875 -0.67013 0.071399
-0.048536 0.22181 1.176 -0.0087375 0.73875 -0.67013 0.071399
-0.048536 0.22181 1.176 -0.0087375 0.73875 -0.67013 0.071399
-0.048536 0.22181 1.176 -0.0087375 0.73875 -0.67013 0.071399
-0.048536 0.22181 1.176 -0.0087375 0.73875 -0.67013 0.071399
-0.048536 0.22181 1.176 -0.0087375 0.73875 -0.67013 0.071399
-0.048536 0.22181 1.176 -0.0087375 0.73875 -0.67013 0.071399
-0.048536 0.22181 1.176 -0.0087375 0.73875 -0.67013 0.071399
-0.048536 0.22181 1.176 -0.0087375 0.73875 -0.67013 0.071399
-0.048536 0.22181 1.176 -0.0087375 0.73875 -0.67013 0.071399
-0.048536 0.22181 1.176 -0.0087375 0.73875 -0.67013 0.071399
-0.048536 0.22181 1.176 -0.0087375 0.73875 -0.67013 0.071399
-0.048536 0.22181 1.176 -0.0087375 0.73875 -0.67013 0.071399
-0.048536 0.22181 1.176 -0.0087375 0.73875 -0.67013 0.071399
-0.048536 0.22181 1.176 -0.0087375 0.73875 -0.67013 0.071399
-0.048536 0.22181 1.176 -0.0087375 0.73875 -0.67013 0.071399
-0.048536 0.22181 1.176 -0.0087375 0.73875 -0.67013 0.071399
-0.048536 0.22181 1.176 -0.0087375 0.73875 -0.67013 0.071399
-0.048536 0.22181 1.176 -0.0087375 0.73875 -0.67013 0.071399
-0.048536 0.22181 1.176 -0.0087375 0.73875 -0.67013 0.071399
-0.048536 0.22181 1.176 -0.0087375 0.73875 -0.67013 0.071399
-0.048536 0.22181 1.176 -0.0087375 0.73875 -0.67013 0.071399
-0.048536 0.22181 1.176 -0.0087375 0.73875 -0.67013 0.071399
-0.048536 0.22181 1.176 -0.0087375 0.73875 -0.67013 0.071399
-0.048536 0.22181 1.176 -0.0087375 0.73875 -0.67013 0.071399
-0.048536 0.22181 1.176 -0.0087375 0.73875 -0.67013 0.071399
-0.048536 0.22181 1.176 -0.0087375 0.73875 -0.67013 0.071399
-0.048536 0.22181 1.176 -0.0087375 0.73875 -0.67013 0.071399
-0.048536 0.22181 1.176 -0.0087375 0.73875 -0.67013 0.071399
-0.048536 0.22181 1.176 -0.0087375 0.73875 -0.67013 0.071399
-0.048536 0.22181 1.176 -0.0087375 0.73875 -0.67013 0.071399
-0.048536 0.22181 1.176 -0.0087375 0.73875 -0.67013 0.071399
-0.048536 0.22181 1.176 -0.0087375 0.73875 -0.67013 0.071399
-0.048536 0.22181 1.176 -0.0087375 0.73875 -0.67013 0.071399
-0.048536 0.22181 1.176 -0.0087375 0.73875 -0.67013 0.071399
-0.048536 0.22181 1.176 -0.0087375 0.73875 -0.67013 0.071399
-0.048536 0.22181 1.176 -0.0087375 0.73875 -0.67013 0.071399
-0.048536 0.22181 1.176 -0.0087375 0.73875 -0.67013 0.071399
-0.048536 0.22181 1.176 -0.0087375 0.73875 -0.67013 0.071399
-0.048536 0.22181 1.176 -0.0087375 0.73875 -0.67013 0.071399
-0.048536 0.22181 1.176 -0.0087375 0.73875 -0.67013 0.071399
-0.048536 0.22181 1.176 -0.0087375 0.73875 -0.67013 0.071399
-0.048536 0.22181 1.176 -0.0087375 0.73875 -0.67013 0.071399
-0.048536 0.22181 1.176 -0.0087375 0.73875 -0.67013 0.071399
-0.048536 0.22181 1.176 -0.0087375 0.73875 -0.67013 0.071399
-0.048536 0.22181 1.176 -0.0087375 0.73875 -0.67013 0.071399
-0.048536 0.22181 1.176 -0.0087375 0.73875 -0.67013 0.071399
-0.048536 0.22181 1.176 -0.0087375 0.73875 -0.67013 0.071399
-0.048536 0.22181 1.176 -0.0087375 0.73875 -0.67013 0.071399
-0.048536 0.22181 1.176 -0.0087375 0.73875 -0.67013 0.071399
-0.048536 0.22181 1.176 -0.0087375 0.73875 -0.67013 0.071399
-0.048536 0.22181 1.176 -0.0087375 0.73875 -0.67013 0.071399
-0.048536 0.22181 1.176 -0.0087375 0.73875 -0.67013 0.071399
-0.048536 0.22181 1.176 -0.0087375 0.73875 -0.67013 0.071399
-0.048536 0.22181 1.176 -0.0087375 0.73875 -0.67013 0.071399
-0.048536 0.22181 1.176 -0.0087375 0.73875 -0.67013 0.071399
-0.048536 0.22181 1.176 -0.0087375 0.73875 -0.67013 0.071399
-0.048536 0.22181 1.176 -0.0087375 0.73875 -0.67013 0.071399
-0.048536 0.22181 1.176 -0.0087375 0.73875 -0.67013 0.071399
-0.048536 0.22181 1.176 -0.0087375 0.73875 -0.67013 0.071399
-0.048536 0.22181 1.176 -0.0087375 0.73875 -0.67013 0.071399
-0.048536 0.22181 1.176 -0.0087375 0.73875 -0.67013 0.071399
-0.048536 0.22181 1.176 -0.0087375 0.73875 -0.67013 0.071399
-0.048536 0.22181 1.176 -0.0087375 0.73875 -0.67013 0.071399
-0.048536 0.22181 1.176 -0.0087375 0.73875 -0.67013 0.071399
-0.048536 0.22181 1.176 -0.0087375 0.73875 -0.67013 0.071399
-0.048536 0.22181 1.176 -0.0087375 0.73875 -0.67013 0.071399
-0.048536 0.22181 1.176 -0.0087375 0.73875 -0.67013 0.071399
-0.048536 0.22181 1.176 -0.0087375 0.73875 -0.67013 0.071399
-0.048536 0.22181 1.176 -0.0087375 0.73875 -0.67013 0.071399
-0.048536 0.22181 1.176 -0.0087375 0.73875 -0.67013 0.071399
-0.048536 0.22181 1.176 -0.0087375 0.73875 -0.67013 0.071399
-0.048536 0.22181 1.176 -0.0087375 0.73875 -0.67013 0.071399
-0.048536 0.22181 1.176 -0.0087375 0.73875 -0.67013 0.071399
-0.048536 0.22181 1.176 -0.0087375 0.73875 -0.67013 0.071399
-0.048536 0.22181 1.176 -0.0087375 0.73875 -0.67013 0.071399
-0.048536 0.22181 1.176 -0.0087375 0.73875 -0.67013 0.071399
-0.048536 0.22181 1.176 -0.0087375 0.73875 -0.67013 0.071399
-0.048536 0.22181 1.176 -0.0087375 0.73875 -0.67013 0.071399
-0.048536 0.22181 1.176 -0.0087375 0.73875 -0.67013 0.071399
-0.048536 0.22181 1.176 -0.0087375 0.73875 -0.67013 0.071399
-0.048536 0.22181 1.176 -0.0087375 0.73875 -0.67013 0.071399
-0.048536 0.22181 1.176 -0.0087375 0.73875 -0.67013 0.071399
-0.048536 0.22181 1.176 -0.0087375 0.73875 -0.67013 0.071399
-0.048536 0.22181 1.176 -0.0087375 0.73875 -0.67013 0.071399
-0.048536 0.22181 1.176 -0.0087375 0.73875 -0.67013 0.071399
-0.048536 0.22181 1.176 -0.0087375 0.73875 -0.67013 0.071399
-0.048536 0.22181 1.176 -0.0087375 0.73875 -0.67013 0.071399
-0.048536 0.22181 1.176 -0.0087375 0.73875 -0.67013 0.071399
-0.048536 0.22181 1.176 -0.0087375 0.73875 -0.67013 0.071399
-0.048536 0.22181 1.176 -0.0087375 0.73875 -0.67013 0.071399
-0.048536 0.22181 1.176 -0.0087375 0.73875 -0.67013 0.071399
-0.048536 0.22181 1.176 -0.0087375 0.73875 -0.67013 0.071399
-0.048536 0.22181 1.176 -0.0087375 0.73875 -0.67013 0.071399
-0.048536 0.22181 1.176 -0.0087375 0.73875 -0.67013 0.071399
-0.048536 0.22181 1.176 -0.0087375 0.73875 -0.67013 0.071399
-0.048536 0.22181 1.176 -0.0087375 0.73875 -0.67013 0.071399
-0.048536 0.22181 1.176 -0.0087375 0.73875 -0.67013 0.071399
-0.048536 0.22181 1.176 -0.0087375 0.73875 -0.67013 0.071399
-0.048536 0.22181 1.176 -0.0087375 0.73875 -0.67013 0.071399
-0.048536 0.22181 1.176 -0.0087375 0.73875 -0.67013 0.071399
-0.048536 0.22181 1.176 -0.0087375 0.73875 -0.67013 0.071399
-0.048536 0.22181 1.176 -0.0087375 0.73875 -0.67013 0.071399
-0.048536 0.22181 1.176 -0.0087375 0.73875 -0.67013 0.071399
-0.048536 0.22181 1.176 -0.0087375 0.73875 -0.67013 0.071399
-0.048536 0.22181 1.176 -0.0087375 0.73875 -0.67013 0.071399
-0.048536 0.22181 1.176 -0.0087375 0.73875 -0.67013 0.071399
-0.048536 0.22181 1.176 -0.0087375 0.73875 -0.67013 0.071399
-0.048536 0.22181 1.176 -0.0087375 0.73875 -0.67013 0.071399
-0.048536 0.22181 1.176 -0.0087375 0.73875 -0.67013 0.071399
-0.048536 0.22181 1.176 -0.0087375 0.73875 -0.67013 0.071399
-0.048536 0.22181 1.176 -0.0087375 0.73875 -0.67013 0.071399
-0.048536 0.22181 1.176 -0.0087375 0.73875 -0.67013 0.071399
-0.048536 0.22181 1.176 -0.0087375 0.73875 -0.67013 0.071399
-0.048536 0.22181 1.176 -0.0087375 0.73875 -0.67013 0.071399
-0.048536 0.22181 1.176 -0.0087375 0.73875 -0.67013 0.071399
-0.048536 0.22181 1.176 -0.0087375 0.73875 -0.67013 0.071399
-0.048536 0.22181 1.176 -0.0087375 0.73875 -0.67013 0.071399
-0.048536 0.22181 1.176 -0.0087375 0.73875 -0.67013 0.071399
-0.048536 0.22181 1.176 -0.0087375 0.73875 -0.67013 0.071399
-0.048536 0.22181 1.176 -0.0087375 0.73875 -0.67013 0.071399
-0.048536 0.22181 1.176 -0.0087375 0.73875 -0.67013 0.071399
-0.048536 0.22181 1.176 -0.0087375 0.73875 -0.67013 0.071399
-0.048536 0.22181 1.176 -0.0087375 0.73875 -0.67013 0.071399
-0.048536 0.22181 1.176 -0.0087375 0.73875 -0.67013 0.071399
-0.048536 0.22181 1.176 -0.0087375 0.73875 -0.67013 0.071399
-0.048536 0.22181 1.176 -0.0087375 0.73875 -0.67013 0.071399
-0.048536 0.22181 1.176 -0.0087375 0.73875 -0.67013 0.071399
-0.048536 0.22181 1.176 -0.0087375 0.73875 -0.67013 0.071399
-0.048536 0.22181 1.176 -0.0087375 0.73875 -0.67013 0.071399
-0.048536 0.22181 1.176 -0.0087375 0.73875 -0.67013 0.071399
-0.048536 0.22181 1.176 -0.0087375 0.73875 -0.67013 0.071399
-0.048536 0.22181 1.176 -0.0087375 0.73875 -0.67013 0.071399
-0.048536 0.22181 1.176 -0.0087375 0.73875 -0.67013 0.071399
-0.048536 0.22181 1.176 -0.0087375 0.73875 -0.67013 0.071399
-0.048536 0.22181 1.176 -0.0087375 0.73875 -0.67013 0.071399
-0.048536 0.22181 1.176 -0.0087375 0.73875 -0.67013 0.071399
