-0.03656 0.25715 1.1827 -0.018246 0.73844 -0.66907 0.081887
-0.03656 0.25715 1.1827 -0.018246 0.73844 -0.66907 0.081887
-0.037158 0.25616 1.1828 -0.018266 0.73918 -0.66819 0.082422
-0.037158 0.25616 1.1828 -0.018266 0.73918 -0.66819 0.082422
-0.036405 0.25694 1.1829 -0.019022 0.73831 -0.66917 0.082158
-0.036937 0.25697 1.1831 -0.018199 0.73817 -0.66939 0.081805
-0.037008 0.2564 1.1827 -0.018611 0.73911 -0.66831 0.082034
-0.037091 0.25651 1.1827 -0.01829 0.73888 -0.66854 0.082305
-0.036805 0.25661 1.1831 -0.018415 0.73858 -0.6689 0.082092
-0.037157 0.25676 1.183 -0.018133 0.73829 -0.66927 0.081684
-0.037157 0.25676 1.183 -0.018133 0.73829 -0.66927 0.081684
-0.037188 0.25671 1.1827 -0.018419 0.73868 -0.66877 0.082227
-0.036734 0.25726 1.1826 -0.017735 0.73856 -0.66902 0.081406
-0.037152 0.25743 1.1828 -0.018638 0.73796 -0.66966 0.081433
-0.037012 0.25678 1.1826 -0.018894 0.73878 -0.66872 0.081573
-0.036972 0.25748 1.1824 -0.01788 0.73827 -0.66932 0.081606
-0.036633 0.25735 1.1825 -0.018077 0.73842 -0.66918 0.08132
-0.036633 0.25735 1.1825 -0.018077 0.73842 -0.66918 0.08132
-0.036942 0.25658 1.1829 -0.017791 0.73895 -0.66854 0.081761
-0.036942 0.25658 1.1829 -0.017791 0.73895 -0.66854 0.081761
-0.036942 0.25658 1.1829 -0.017791 0.73895 -0.66854 0.081761
-0.036927 0.25677 1.183 -0.018535 0.73843 -0.66908 0.081914
-0.037208 0.25736 1.1826 -0.017949 0.73815 -0.6694 0.081894
-0.037292 0.25664 1.1828 -0.01821 0.73873 -0.66873 0.082096
-0.037292 0.25664 1.1828 -0.01821 0.73873 -0.66873 0.082096
-0.036922 0.25723 1.1828 -0.018249 0.73813 -0.66945 0.081594
-0.036866 0.25684 1.1827 -0.018005 0.73863 -0.66887 0.081942
-0.036887 0.25673 1.1827 -0.018944 0.73898 -0.66848 0.0818
-0.036987 0.25737 1.1826 -0.01739 0.73831 -0.66926 0.081846
-0.036948 0.2567 1.183 -0.018331 0.73837 -0.6692 0.081557
-0.036814 0.25725 1.1825 -0.018712 0.73838 -0.66911 0.082072
-0.036814 0.25725 1.1825 -0.018712 0.73838 -0.66911 0.082072
-0.037179 0.25726 1.183 -0.017879 0.73798 -0.66957 0.08205
-0.037052 0.25664 1.1828 -0.017791 0.73892 -0.66857 0.081782
-0.036894 0.25687 1.183 -0.01872 0.73836 -0.66915 0.081958
-0.03697 0.25711 1.1826 -0.018284 0.73849 -0.66905 0.08159
-0.036999 0.25698 1.1827 -0.017765 0.73845 -0.66914 0.081417
-0.036734 0.25697 1.1827 -0.018048 0.73856 -0.66895 0.081858
-0.036734 0.25697 1.1827 -0.018048 0.73856 -0.66895 0.081858
-0.037176 0.25642 1.1827 -0.018079 0.73898 -0.66847 0.082037
-0.037125 0.25692 1.1829 -0.017875 0.73842 -0.66915 0.08161
-0.036675 0.25696 1.1829 -0.019096 0.73822 -0.66929 0.081923
-0.03632 0.2564 1.183 -0.018825 0.73905 -0.66842 0.081605
-0.036721 0.25675 1.1829 -0.018265 0.73846 -0.66908 0.08164
-0.036793 0.25657 1.1829 -0.018218 0.73867 -0.6689 0.081314
-0.036793 0.25657 1.1829 -0.018218 0.73867 -0.6689 0.081314
-0.036682 0.2567 1.1826 -0.018992 0.73897 -0.6685 0.081713
-0.036764 0.25697 1.1828 -0.017974 0.73847 -0.66911 0.08139
-0.037211 0.25715 1.1828 -0.017763 0.7383 -0.66924 0.081949
-0.036888 0.25684 1.1828 -0.018608 0.73854 -0.66894 0.08201
-0.037287 0.25715 1.1827 -0.018374 0.738 -0.66951 0.082321
-0.037287 0.25715 1.1827 -0.018374 0.738 -0.66951 0.082321
-0.036832 0.25706 1.1825 -0.018372 0.73861 -0.66891 0.081783
-0.036452 0.25708 1.1821 -0.018727 0.73897 -0.66846 0.082052
-0.036839 0.2572 1.1824 -0.018843 0.73843 -0.66908 0.081844
-0.037115 0.25703 1.1823 -0.018379 0.73872 -0.66872 0.082269
-0.037048 0.25647 1.1828 -0.01824 0.73901 -0.66846 0.08184
-0.037048 0.25647 1.1828 -0.01824 0.73901 -0.66846 0.08184
-0.036723 0.257 1.1826 -0.018373 0.73863 -0.66888 0.081762
-0.037244 0.25667 1.1826 -0.018099 0.73881 -0.66866 0.082023
-0.037244 0.25667 1.1826 -0.018099 0.73881 -0.66866 0.082023
-0.036576 0.25642 1.1825 -0.018592 0.7392 -0.66822 0.08203
-0.03709 0.25713 1.1831 -0.018101 0.73793 -0.66971 0.081287
-0.036702 0.25757 1.1824 -0.017943 0.73806 -0.66952 0.081772
-0.036763 0.25711 1.1827 -0.018981 0.7383 -0.66918 0.082114
-0.036763 0.25711 1.1827 -0.018981 0.7383 -0.66918 0.082114
-0.037259 0.25641 1.1829 -0.018474 0.73883 -0.66864 0.081848
-0.037172 0.25709 1.1829 -0.018207 0.73816 -0.66937 0.082072
-0.037015 0.25683 1.1828 -0.017932 0.7385 -0.66903 0.081868
-0.036777 0.25629 1.183 -0.018439 0.73884 -0.6686 0.082144
-0.036846 0.25734 1.1827 -0.018902 0.73781 -0.66978 0.081745
-0.036623 0.25744 1.1825 -0.018758 0.73822 -0.66929 0.082004
-0.036623 0.25744 1.1825 -0.018758 0.73822 -0.66929 0.082004
-0.036625 0.25699 1.1824 -0.01903 0.73864 -0.66886 0.081716
-0.037017 0.25681 1.1829 -0.01825 0.73846 -0.66904 0.082055
-0.037347 0.25737 1.1826 -0.018376 0.73805 -0.66948 0.082039
-0.036997 0.25729 1.1823 -0.017885 0.73833 -0.66922 0.08186
-0.037106 0.2571 1.183 -0.017884 0.73804 -0.66951 0.082048
-0.036917 0.25691 1.183 -0.018854 0.73822 -0.66931 0.081878
-0.036917 0.25691 1.183 -0.018854 0.73822 -0.66931 0.081878
-0.036593 0.2569 1.1826 -0.018428 0.73876 -0.66872 0.081883
-0.037127 0.25704 1.1828 -0.018036 0.73838 -0.66919 0.081571
-0.03738 0.25702 1.1829 -0.018272 0.73811 -0.66945 0.081852
-0.037033 0.25681 1.1824 -0.018624 0.73874 -0.66876 0.081714
-0.037062 0.25666 1.1828 -0.018552 0.73866 -0.66884 0.081853
-0.036858 0.25697 1.1827 -0.019067 0.73837 -0.66916 0.081709
-0.036858 0.25697 1.1827 -0.019067 0.73837 -0.66916 0.081709
-0.037227 0.25655 1.1826 -0.018129 0.73902 -0.66841 0.082182
-0.037419 0.25697 1.1826 -0.017456 0.73851 -0.66898 0.082246
-0.036762 0.25691 1.1827 -0.018073 0.73859 -0.66888 0.082202
-0.03733 0.25656 1.1828 -0.017734 0.73872 -0.66874 0.08222
-0.037042 0.2565 1.1831 -0.018355 0.73846 -0.669 0.082256
-0.037042 0.2565 1.1831 -0.018355 0.73846 -0.669 0.082256
-0.036938 0.25635 1.1827 -0.018953 0.7391 -0.66828 0.082309
-0.036903 0.25634 1.1829 -0.018165 0.73887 -0.66851 0.082646
-0.036856 0.25692 1.1826 -0.017685 0.73869 -0.66888 0.081383
-0.036696 0.25669 1.1828 -0.018328 0.73865 -0.66884 0.081872
-0.036826 0.25656 1.1833 -0.018581 0.73845 -0.66916 0.08107
-0.036887 0.25649 1.1828 -0.018565 0.73881 -0.66869 0.081683
-0.036887 0.25649 1.1828 -0.018565 0.73881 -0.66869 0.081683
-0.037086 0.25716 1.1825 -0.018203 0.73831 -0.66914 0.082539
-0.037173 0.25675 1.1831 -0.018285 0.73833 -0.66921 0.08178
-0.03708 0.25666 1.183 -0.018824 0.73861 -0.66886 0.081986
-0.037121 0.25673 1.1827 -0.018711 0.73871 -0.66878 0.081797
-0.036652 0.25648 1.1828 -0.01849 0.73884 -0.66863 0.081912
-0.037239 0.25645 1.1831 -0.018638 0.73846 -0.66897 0.082513
-0.037239 0.25645 1.1831 -0.018638 0.73846 -0.66897 0.082513
-0.037279 0.25637 1.1828 -0.017694 0.73907 -0.66844 0.08159
-0.036951 0.25669 1.1832 -0.01877 0.73824 -0.6693 0.081781
-0.036571 0.25688 1.1826 -0.017954 0.73866 -0.66883 0.082025
-0.036909 0.25669 1.1827 -0.017517 0.73873 -0.66879 0.08183
-0.037395 0.25681 1.1824 -0.017315 0.73868 -0.66882 0.081983
-0.037395 0.25681 1.1824 -0.017315 0.73868 -0.66882 0.081983
-0.036966 0.25634 1.1833 -0.018171 0.73857 -0.66891 0.082191
-0.036957 0.25701 1.1826 -0.01774 0.73862 -0.66886 0.082173
-0.037113 0.25633 1.1828 -0.018543 0.73916 -0.66829 0.081774
-0.036985 0.25683 1.1828 -0.018148 0.73859 -0.66888 0.082207
-0.036721 0.25743 1.1827 -0.018655 0.73801 -0.66955 0.081874
-0.036646 0.25685 1.1828 -0.017729 0.73878 -0.66875 0.081637
-0.036646 0.25685 1.1828 -0.017729 0.73878 -0.66875 0.081637
-0.036711 0.25689 1.1826 -0.018429 0.73871 -0.66872 0.082276
-0.037626 0.25665 1.1829 -0.017946 0.73866 -0.66882 0.082099
-0.036948 0.25655 1.1828 -0.018617 0.73883 -0.6686 0.082199
-0.036876 0.2568 1.1826 -0.017843 0.73865 -0.66888 0.081746
-0.037051 0.2573 1.1827 -0.018391 0.73806 -0.66953 0.081624
-0.037137 0.25776 1.1826 -0.018161 0.73771 -0.66983 0.08233
-0.037137 0.25776 1.1826 -0.018161 0.73771 -0.66983 0.08233
-0.037507 0.25686 1.1831 -0.017753 0.73807 -0.6695 0.081936
-0.036638 0.25708 1.1825 -0.018725 0.73853 -0.66896 0.081901
-0.037268 0.25672 1.1825 -0.018116 0.73892 -0.66852 0.082101
-0.036739 0.25721 1.1827 -0.018547 0.73845 -0.66904 0.082096
-0.036861 0.25645 1.1833 -0.018431 0.73849 -0.66907 0.081471
-0.036764 0.2567 1.1828 -0.018595 0.73872 -0.6688 0.081615
-0.036764 0.2567 1.1828 -0.018595 0.73872 -0.6688 0.081615
-0.036764 0.2567 1.1828 -0.018595 0.73872 -0.6688 0.081615
-0.036764 0.2567 1.1828 -0.018595 0.73872 -0.6688 0.081615
-0.036717 0.25692 1.1828 -0.019249 0.73851 -0.66901 0.081583
-0.037261 0.25715 1.1826 -0.018076 0.73837 -0.66918 0.081748
-0.037261 0.25715 1.1826 -0.018076 0.73837 -0.66918 0.081748
-0.037261 0.25715 1.1826 -0.018076 0.73837 -0.66918 0.081748
-0.037261 0.25715 1.1826 -0.018076 0.73837 -0.66918 0.081748
-0.037007 0.25696 1.1828 -0.018711 0.73824 -0.66929 0.081891
-0.03693 0.25632 1.1829 -0.018713 0.73901 -0.66844 0.08186
-0.036999 0.25641 1.1829 -0.018877 0.73866 -0.66876 0.08241
-0.036999 0.25641 1.1829 -0.018877 0.73866 -0.66876 0.08241
-0.03682 0.25685 1.1826 -0.018495 0.73867 -0.66883 0.0818
-0.036859 0.25695 1.1827 -0.019527 0.73832 -0.66919 0.081768
-0.036724 0.25675 1.1832 -0.018987 0.73832 -0.66922 0.081607
-0.037049 0.2567 1.1826 -0.018134 0.73878 -0.6687 0.081954
-0.037049 0.2567 1.1826 -0.018134 0.73878 -0.6687 0.081954
-0.037049 0.2567 1.1826 -0.018134 0.73878 -0.6687 0.081954
-0.036949 0.25714 1.1825 -0.01866 0.73836 -0.66913 0.082068
-0.037015 0.25705 1.1829 -0.018662 0.73825 -0.66933 0.081465
-0.036837 0.2568 1.1828 -0.018892 0.73826 -0.66925 0.081948
-0.036837 0.2568 1.1828 -0.018892 0.73826 -0.66925 0.081948
-0.036837 0.2568 1.1828 -0.018892 0.73826 -0.66925 0.081948
-0.036676 0.25642 1.183 -0.01875 0.73889 -0.66858 0.081809
-0.036752 0.25665 1.1827 -0.017689 0.73882 -0.66872 0.081479
-0.03701 0.25653 1.183 -0.01836 0.73862 -0.66888 0.081836
-0.03701 0.25653 1.183 -0.01836 0.73862 -0.66888 0.081836
-0.03701 0.25653 1.183 -0.01836 0.73862 -0.66888 0.081836
-0.037443 0.25617 1.1829 -0.017676 0.73879 -0.66866 0.082344
-0.037007 0.25653 1.1823 -0.017707 0.73881 -0.66869 0.081896
-0.036916 0.25605 1.1827 -0.018887 0.73877 -0.66868 0.082048
-0.036916 0.25605 1.1827 -0.018887 0.73877 -0.66868 0.082048
-0.037109 0.25553 1.1827 -0.017751 0.73898 -0.66843 0.082491
-0.036912 0.25531 1.1826 -0.018076 0.73897 -0.66846 0.082176
-0.036957 0.25573 1.1829 -0.018091 0.73809 -0.66949 0.081699
-0.036957 0.25573 1.1829 -0.018091 0.73809 -0.66949 0.081699
-0.036957 0.25573 1.1829 -0.018091 0.73809 -0.66949 0.081699
-0.036482 0.25578 1.1825 -0.018094 0.73796 -0.66966 0.08149
-0.037153 0.25434 1.183 -0.017884 0.73833 -0.66927 0.081439
-0.03735 0.25428 1.1828 -0.018497 0.73828 -0.66928 0.08163
-0.03735 0.25428 1.1828 -0.018497 0.73828 -0.66928 0.08163
-0.03735 0.25428 1.1828 -0.018497 0.73828 -0.66928 0.08163
-0.036619 0.25357 1.1827 -0.018843 0.73856 -0.66892 0.081969
-0.036761 0.25291 1.1824 -0.018456 0.73904 -0.66847 0.081401
-0.037791 0.25244 1.1825 -0.018299 0.73838 -0.66915 0.081841
-0.037791 0.25244 1.1825 -0.018299 0.73838 -0.66915 0.081841
-0.037791 0.25244 1.1825 -0.018299 0.73838 -0.66915 0.081841
-0.037791 0.25244 1.1825 -0.018299 0.73838 -0.66915 0.081841
-0.036781 0.25103 1.1826 -0.019074 0.73864 -0.66897 0.08082
-0.037412 0.25069 1.183 -0.018355 0.73799 -0.66964 0.081329
-0.037946 0.24934 1.1827 -0.018528 0.7388 -0.66873 0.081501
-0.037946 0.24934 1.1827 -0.018528 0.7388 -0.66873 0.081501
-0.037802 0.24875 1.1823 -0.018274 0.73896 -0.66856 0.081501
-0.037715 0.24736 1.1826 -0.018898 0.73863 -0.66883 0.082054
-0.037715 0.24736 1.1826 -0.018898 0.73863 -0.66883 0.082054
-0.03814 0.2469 1.183 -0.019358 0.73834 -0.66925 0.081198
-0.03814 0.2469 1.183 -0.019358 0.73834 -0.66925 0.081198
-0.03814 0.2469 1.183 -0.019358 0.73834 -0.66925 0.081198
-0.038222 0.2448 1.1826 -0.019645 0.73871 -0.66884 0.081089
-0.038811 0.24336 1.1827 -0.018415 0.73857 -0.66899 0.081338
-0.038811 0.24336 1.1827 -0.018415 0.73857 -0.66899 0.081338
-0.038811 0.24336 1.1827 -0.018415 0.73857 -0.66899 0.081338
-0.038811 0.24336 1.1827 -0.018415 0.73857 -0.66899 0.081338
-0.038956 0.24086 1.1823 -0.019578 0.73887 -0.66864 0.081279
-0.039358 0.23953 1.1824 -0.019468 0.73911 -0.66838 0.081297
-0.039477 0.23847 1.1824 -0.019327 0.73941 -0.66807 0.081068
-0.039477 0.23847 1.1824 -0.019327 0.73941 -0.66807 0.081068
-0.039477 0.23847 1.1824 -0.019327 0.73941 -0.66807 0.081068
-0.041304 0.23593 1.1819 -0.018022 0.73946 -0.66796 0.081846
-0.040358 0.23525 1.182 -0.019094 0.73906 -0.66845 0.081218
-0.041061 0.23397 1.1821 -0.01906 0.73905 -0.66848 0.081125
-0.041061 0.23397 1.1821 -0.01906 0.73905 -0.66848 0.081125
-0.041808 0.23148 1.1821 -0.018472 0.73921 -0.66828 0.081419
-0.042003 0.22997 1.1818 -0.018419 0.73886 -0.66866 0.081555
-0.042003 0.22997 1.1818 -0.018419 0.73886 -0.66866 0.081555
-0.042346 0.22877 1.1815 -0.018548 0.73902 -0.6685 0.08138
-0.042346 0.22877 1.1815 -0.018548 0.73902 -0.6685 0.08138
-0.042346 0.22877 1.1815 -0.018548 0.73902 -0.6685 0.08138
-0.043211 0.22549 1.1818 -0.018352 0.73822 -0.66938 0.081398
-0.043492 0.22368 1.1817 -0.018491 0.73799 -0.66966 0.081092
-0.043492 0.22368 1.1817 -0.018491 0.73799 -0.66966 0.081092
-0.043492 0.22368 1.1817 -0.018491 0.73799 -0.66966 0.081092
-0.043492 0.22368 1.1817 -0.018491 0.73799 -0.66966 0.081092
-0.044556 0.21898 1.1817 -0.018222 0.73882 -0.66869 0.081661
-0.044875 0.21749 1.1818 -0.019116 0.73905 -0.66849 0.081008
-0.045465 0.21595 1.1816 -0.018114 0.7393 -0.66813 0.081896
-0.045465 0.21595 1.1816 -0.018114 0.7393 -0.66813 0.081896
-0.045493 0.21398 1.1819 -0.018587 0.73885 -0.66869 0.081264
-0.045958 0.21283 1.1819 -0.018738 0.73859 -0.66892 0.081723
-0.046838 0.21098 1.182 -0.017517 0.73882 -0.6687 0.081681
-0.046806 0.21025 1.1815 -0.01829 0.7388 -0.66866 0.082063
-0.046806 0.21025 1.1815 -0.01829 0.7388 -0.66866 0.082063
-0.04694 0.20755 1.1813 -0.018474 0.73897 -0.66849 0.081899
-0.04804 0.20519 1.1814 -0.018292 0.73882 -0.66868 0.081738
-0.048612 0.20281 1.1817 -0.018258 0.73935 -0.6681 0.081686
-0.048612 0.20281 1.1817 -0.018258 0.73935 -0.6681 0.081686
-0.048612 0.20281 1.1817 -0.018258 0.73935 -0.6681 0.081686
-0.048612 0.20281 1.1817 -0.018258 0.73935 -0.6681 0.081686
-0.048543 0.19893 1.1819 -0.018895 0.73925 -0.66822 0.081449
-0.049188 0.19661 1.1817 -0.018849 0.73915 -0.66836 0.081224
-0.049188 0.19661 1.1817 -0.018849 0.73915 -0.66836 0.081224
-0.049188 0.19661 1.1817 -0.018849 0.73915 -0.66836 0.081224
-0.049188 0.19661 1.1817 -0.018849 0.73915 -0.66836 0.081224
-0.050777 0.19146 1.1815 -0.018054 0.73944 -0.6679 0.082484
-0.050927 0.19122 1.1817 -0.018041 0.73841 -0.66916 0.081545
-0.051425 0.18944 1.1818 -0.017939 0.73854 -0.66901 0.081599
-0.051425 0.18944 1.1818 -0.017939 0.73854 -0.66901 0.081599
-0.05259 0.18605 1.1819 -0.017529 0.7389 -0.66867 0.081285
-0.052576 0.185 1.1816 -0.016944 0.73882 -0.66875 0.081385
-0.052729 0.18324 1.1814 -0.017906 0.73907 -0.66844 0.08148
-0.052548 0.18207 1.1817 -0.017724 0.73879 -0.66872 0.08182
-0.052548 0.18207 1.1817 -0.017724 0.73879 -0.66872 0.08182
-0.052548 0.18207 1.1817 -0.017724 0.73879 -0.66872 0.08182
-0.0543 0.17554 1.1813 -0.018362 0.73901 -0.6684 0.082319
-0.054298 0.1743 1.1815 -0.018983 0.73901 -0.66845 0.081776
-0.054298 0.1743 1.1815 -0.018983 0.73901 -0.66845 0.081776
-0.054298 0.1743 1.1815 -0.018983 0.73901 -0.66845 0.081776
-0.054298 0.1743 1.1815 -0.018983 0.73901 -0.66845 0.081776
-0.056386 0.16987 1.1813 -0.017798 0.73874 -0.66878 0.081762
-0.057033 0.16818 1.1814 -0.01823 0.73875 -0.66871 0.082111
-0.05667 0.16664 1.1813 -0.018911 0.73887 -0.66862 0.081605
-0.05667 0.16664 1.1813 -0.018911 0.73887 -0.66862 0.081605
-0.05667 0.16664 1.1813 -0.018911 0.73887 -0.66862 0.081605
-0.056997 0.16164 1.1813 -0.018969 0.73925 -0.66819 0.081714
-0.057212 0.16036 1.1816 -0.018901 0.73856 -0.6689 0.082141
-0.057875 0.15896 1.1812 -0.018536 0.73899 -0.66847 0.081808
-0.057875 0.15896 1.1812 -0.018536 0.73899 -0.66847 0.081808
-0.057875 0.15896 1.1812 -0.018536 0.73899 -0.66847 0.081808
-0.058087 0.15196 1.1813 -0.017858 0.73921 -0.66819 0.082259
-0.058087 0.15196 1.1813 -0.017858 0.73921 -0.66819 0.082259
-0.058116 0.15081 1.181 -0.018348 0.739 -0.66839 0.082446
-0.058116 0.15081 1.181 -0.018348 0.739 -0.66839 0.082446
-0.058116 0.15081 1.181 -0.018348 0.739 -0.66839 0.082446
-0.058541 0.14692 1.181 -0.017604 0.73854 -0.66893 0.082345
-0.058004 0.14398 1.1807 -0.018085 0.73909 -0.66826 0.08275
-0.058004 0.14398 1.1807 -0.018085 0.73909 -0.66826 0.08275
-0.058004 0.14398 1.1807 -0.018085 0.73909 -0.66826 0.08275
-0.058004 0.14398 1.1807 -0.018085 0.73909 -0.66826 0.08275
-0.058285 0.14093 1.1811 -0.017461 0.73828 -0.66929 0.081804
-0.057946 0.13972 1.1801 -0.017922 0.73909 -0.6683 0.082458
-0.058328 0.13855 1.1807 -0.017825 0.73847 -0.66903 0.082086
-0.058328 0.13855 1.1807 -0.017825 0.73847 -0.66903 0.082086
-0.058328 0.13855 1.1807 -0.017825 0.73847 -0.66903 0.082086
-0.058313 0.13509 1.1805 -0.017285 0.73873 -0.66879 0.081806
-0.057972 0.13376 1.1805 -0.017756 0.7389 -0.66862 0.081624
-0.058265 0.13353 1.1805 -0.016797 0.73849 -0.66908 0.081786
-0.058265 0.13353 1.1805 -0.016797 0.73849 -0.66908 0.081786
-0.058606 0.13138 1.1803 -0.016454 0.73839 -0.66919 0.081831
-0.058613 0.12968 1.1804 -0.015957 0.73843 -0.66915 0.081928
-0.058613 0.12968 1.1804 -0.015957 0.73843 -0.66915 0.081928
-0.057905 0.12871 1.1798 -0.017018 0.73847 -0.66902 0.082372
-0.057905 0.12871 1.1798 -0.017018 0.73847 -0.66902 0.082372
-0.057905 0.12871 1.1798 -0.017018 0.73847 -0.66902 0.082372
-0.058075 0.12666 1.1798 -0.016972 0.7384 -0.66916 0.081837
-0.058449 0.12462 1.1795 -0.016524 0.73916 -0.66829 0.082183
-0.058449 0.12462 1.1795 -0.016524 0.73916 -0.66829 0.082183
-0.058449 0.12462 1.1795 -0.016524 0.73916 -0.66829 0.082183
-0.058434 0.1238 1.1792 -0.017242 0.73882 -0.66865 0.082186
-0.058976 0.12325 1.1791 -0.016656 0.73898 -0.66853 0.081828
-0.058323 0.12253 1.1794 -0.017289 0.73871 -0.66882 0.081843
-0.058361 0.12216 1.179 -0.016823 0.73896 -0.66848 0.082398
-0.058361 0.12216 1.179 -0.016823 0.73896 -0.66848 0.082398
-0.057941 0.12166 1.1792 -0.017125 0.73854 -0.66895 0.082325
-0.058474 0.12133 1.1796 -0.016392 0.73812 -0.66952 0.081541
-0.058134 0.11998 1.1784 -0.017012 0.73949 -0.66795 0.081925
-0.058826 0.12056 1.1789 -0.016087 0.73829 -0.66925 0.082287
-0.058826 0.12056 1.1789 -0.016087 0.73829 -0.66925 0.082287
-0.058732 0.12006 1.1789 -0.015746 0.73838 -0.66926 0.081486
-0.058415 0.11983 1.1788 -0.016099 0.73817 -0.66953 0.081085
-0.058615 0.11877 1.1789 -0.015991 0.73861 -0.66897 0.081715
-0.058615 0.11877 1.1789 -0.015991 0.73861 -0.66897 0.081715
-0.058615 0.11877 1.1789 -0.015991 0.73861 -0.66897 0.081715
-0.058615 0.11877 1.1789 -0.015991 0.73861 -0.66897 0.081715
-0.05857 0.11838 1.1786 -0.016473 0.7389 -0.66866 0.081561
-0.05835 0.11835 1.1787 -0.016654 0.73879 -0.66874 0.081806
-0.058189 0.11876 1.1787 -0.016763 0.73841 -0.66919 0.081625
-0.058189 0.11876 1.1787 -0.016763 0.73841 -0.66919 0.081625
-0.058189 0.11876 1.1787 -0.016763 0.73841 -0.66919 0.081625
-0.058321 0.11808 1.179 -0.016216 0.73878 -0.66887 0.080957
-0.057663 0.11843 1.1789 -0.017088 0.73865 -0.66889 0.081759
-0.057991 0.11818 1.1785 -0.016854 0.73898 -0.66853 0.081872
-0.057991 0.11818 1.1785 -0.016854 0.73898 -0.66853 0.081872
-0.057814 0.11811 1.1788 -0.016827 0.73916 -0.66841 0.081227
-0.058214 0.11876 1.1787 -0.01626 0.73855 -0.66907 0.081416
-0.057898 0.11822 1.1791 -0.01669 0.73881 -0.66884 0.080806
-0.057587 0.11803 1.1791 -0.017116 0.73887 -0.66879 0.080572
-0.057587 0.11803 1.1791 -0.017116 0.73887 -0.66879 0.080572
-0.057587 0.11803 1.1791 -0.017116 0.73887 -0.66879 0.080572
-0.058138 0.11767 1.1785 -0.016411 0.73904 -0.66849 0.081673
-0.05814 0.11776 1.1786 -0.016849 0.73937 -0.66812 0.081596
-0.05814 0.11776 1.1786 -0.016849 0.73937 -0.66812 0.081596
-0.05814 0.11776 1.1786 -0.016849 0.73937 -0.66812 0.081596
-0.05814 0.11776 1.1786 -0.016849 0.73937 -0.66812 0.081596
-0.058063 0.11804 1.1789 -0.016781 0.73882 -0.66878 0.081284
-0.057603 0.11837 1.1793 -0.017481 0.7386 -0.66906 0.08073
-0.057515 0.118 1.1789 -0.017788 0.73884 -0.66875 0.081019
-0.057515 0.118 1.1789 -0.017788 0.73884 -0.66875 0.081019
-0.057515 0.118 1.1789 -0.017788 0.73884 -0.66875 0.081019
-0.057815 0.11772 1.1788 -0.017671 0.73913 -0.66843 0.081119
-0.057964 0.11811 1.1787 -0.017082 0.73893 -0.66855 0.082053
-0.057956 0.11826 1.1789 -0.017144 0.7387 -0.66889 0.081292
-0.057956 0.11826 1.1789 -0.017144 0.7387 -0.66889 0.081292
-0.058186 0.11844 1.179 -0.017154 0.73851 -0.66908 0.081471
-0.057698 0.11827 1.1786 -0.017373 0.739 -0.66852 0.081542
-0.057698 0.11827 1.1786 -0.017373 0.739 -0.66852 0.081542
-0.057825 0.11816 1.179 -0.017751 0.73859 -0.66896 0.081665
-0.057825 0.11816 1.179 -0.017751 0.73859 -0.66896 0.081665
-0.057825 0.11816 1.179 -0.017751 0.73859 -0.66896 0.081665
-0.057314 0.11774 1.1787 -0.017571 0.73929 -0.6682 0.081623
-0.057892 0.118 1.179 -0.017462 0.73897 -0.66855 0.081566
-0.057892 0.118 1.179 -0.017462 0.73897 -0.66855 0.081566
-0.057892 0.118 1.179 -0.017462 0.73897 -0.66855 0.081566
-0.057892 0.118 1.179 -0.017462 0.73897 -0.66855 0.081566
-0.057534 0.11762 1.179 -0.017456 0.73926 -0.66829 0.081179
-0.05808 0.11823 1.1788 -0.017333 0.73893 -0.66863 0.081391
-0.05808 0.11823 1.1788 -0.017333 0.73893 -0.66863 0.081391
-0.05808 0.11823 1.1788 -0.017333 0.73893 -0.66863 0.081391
-0.05808 0.11823 1.1788 -0.017333 0.73893 -0.66863 0.081391
-0.057216 0.11763 1.1784 -0.017349 0.73957 -0.66796 0.081009
-0.058095 0.11763 1.1787 -0.016882 0.7392 -0.6683 0.08171
-0.057616 0.11837 1.179 -0.017344 0.73855 -0.669 0.081759
-0.057616 0.11837 1.179 -0.017344 0.73855 -0.669 0.081759
-0.05759 0.11761 1.1787 -0.017445 0.73954 -0.66794 0.081396
-0.057941 0.11785 1.1792 -0.016765 0.73888 -0.66865 0.081737
-0.057941 0.11785 1.1792 -0.016765 0.73888 -0.66865 0.081737
-0.057878 0.11829 1.179 -0.016284 0.73867 -0.66894 0.081294
-0.057878 0.11829 1.179 -0.016284 0.73867 -0.66894 0.081294
-0.057878 0.11829 1.179 -0.016284 0.73867 -0.66894 0.081294
-0.058201 0.11788 1.1791 -0.017016 0.73878 -0.66882 0.081212
-0.058372 0.11783 1.1791 -0.016864 0.7389 -0.66865 0.081523
-0.058372 0.11783 1.1791 -0.016864 0.7389 -0.66865 0.081523
-0.058372 0.11783 1.1791 -0.016864 0.7389 -0.66865 0.081523
-0.058372 0.11783 1.1791 -0.016864 0.7389 -0.66865 0.081523
-0.058025 0.11731 1.1786 -0.016799 0.73956 -0.66791 0.081672
-0.057603 0.11787 1.1788 -0.017284 0.73902 -0.66841 0.082309
-0.058051 0.11811 1.1791 -0.016342 0.7388 -0.66883 0.081051
-0.058051 0.11811 1.1791 -0.016342 0.7388 -0.66883 0.081051
-0.057223 0.11743 1.179 -0.017456 0.73933 -0.66819 0.081329
-0.057766 0.11794 1.1789 -0.017447 0.7389 -0.66859 0.081926
-0.058036 0.11775 1.1791 -0.017003 0.73899 -0.6686 0.081184
-0.058011 0.11867 1.1794 -0.017065 0.73814 -0.66952 0.081317
-0.058011 0.11867 1.1794 -0.017065 0.73814 -0.66952 0.081317
-0.058011 0.11867 1.1794 -0.017065 0.73814 -0.66952 0.081317
-0.057754 0.11778 1.1793 -0.017618 0.73878 -0.6688 0.081268
-0.057754 0.11778 1.1793 -0.017618 0.73878 -0.6688 0.081268
-0.057765 0.11833 1.1792 -0.017779 0.73841 -0.66913 0.081851
-0.057765 0.11833 1.1792 -0.017779 0.73841 -0.66913 0.081851
-0.057765 0.11833 1.1792 -0.017779 0.73841 -0.66913 0.081851
-0.057615 0.11806 1.179 -0.017313 0.7388 -0.66872 0.081765
-0.057572 0.11858 1.1793 -0.017477 0.73834 -0.66937 0.0805
-0.057572 0.11858 1.1793 -0.017477 0.73834 -0.66937 0.0805
-0.057572 0.11858 1.1793 -0.017477 0.73834 -0.66937 0.0805
-0.057572 0.11858 1.1793 -0.017477 0.73834 -0.66937 0.0805
-0.057556 0.11777 1.179 -0.017586 0.73919 -0.66835 0.081229
-0.057636 0.11844 1.1792 -0.017766 0.73856 -0.66904 0.081269
-0.057348 0.11808 1.1789 -0.018014 0.73899 -0.6686 0.080873
-0.057348 0.11808 1.1789 -0.018014 0.73899 -0.6686 0.080873
-0.057852 0.11784 1.1791 -0.017166 0.73891 -0.66868 0.081127
-0.056901 0.11782 1.1792 -0.018458 0.73912 -0.66842 0.08106
-0.057408 0.11814 1.1788 -0.017418 0.73879 -0.66871 0.081955
-0.057574 0.11798 1.1792 -0.017183 0.7387 -0.66894 0.080911
-0.057574 0.11798 1.1792 -0.017183 0.7387 -0.66894 0.080911
-0.057505 0.11771 1.1791 -0.016954 0.73902 -0.66858 0.081036
-0.057911 0.11837 1.1792 -0.017075 0.73836 -0.66928 0.081245
-0.058134 0.1188 1.1793 -0.016324 0.73806 -0.66967 0.080919
-0.058134 0.1188 1.1793 -0.016324 0.73806 -0.66967 0.080919
-0.058134 0.1188 1.1793 -0.016324 0.73806 -0.66967 0.080919
-0.058134 0.1188 1.1793 -0.016324 0.73806 -0.66967 0.080919
-0.057772 0.1183 1.179 -0.016692 0.73861 -0.66902 0.081164
-0.057629 0.11808 1.1794 -0.01685 0.73866 -0.66895 0.081272
-0.057872 0.11751 1.1791 -0.01697 0.73927 -0.66828 0.081193
-0.057872 0.11751 1.1791 -0.01697 0.73927 -0.66828 0.081193
-0.057872 0.11751 1.1791 -0.01697 0.73927 -0.66828 0.081193
-0.057767 0.11782 1.1788 -0.017327 0.73921 -0.66833 0.08126
-0.058023 0.11753 1.179 -0.017545 0.73923 -0.66834 0.080966
-0.057934 0.11804 1.1784 -0.016626 0.73908 -0.6684 0.081989
-0.057934 0.11804 1.1784 -0.016626 0.73908 -0.6684 0.081989
-0.057186 0.11822 1.1789 -0.018046 0.73859 -0.66893 0.081777
-0.057662 0.11821 1.179 -0.017507 0.73886 -0.66873 0.081094
-0.058009 0.11814 1.1792 -0.016805 0.73887 -0.6687 0.081373
-0.058009 0.11814 1.1792 -0.016805 0.73887 -0.6687 0.081373
-0.058009 0.11814 1.1792 -0.016805 0.73887 -0.6687 0.081373
-0.058009 0.11814 1.1792 -0.016805 0.73887 -0.6687 0.081373
-0.057479 0.11788 1.1787 -0.018009 0.73907 -0.66847 0.081267
-0.057894 0.11848 1.1789 -0.017119 0.73878 -0.66882 0.081145
-0.057894 0.11848 1.1789 -0.017119 0.73878 -0.66882 0.081145
-0.057894 0.11848 1.1789 -0.017119 0.73878 -0.66882 0.081145
-0.057894 0.11848 1.1789 -0.017119 0.73878 -0.66882 0.081145
-0.057647 0.11769 1.1792 -0.017917 0.73887 -0.66861 0.081853
-0.057571 0.11736 1.1791 -0.016896 0.73934 -0.66818 0.08148
-0.057659 0.11766 1.1788 -0.017068 0.73941 -0.66802 0.082074
-0.057659 0.11766 1.1788 -0.017068 0.73941 -0.66802 0.082074
-0.057659 0.11766 1.1788 -0.017068 0.73941 -0.66802 0.082074
-0.058152 0.11832 1.1792 -0.016308 0.73862 -0.66899 0.08141
-0.057544 0.11808 1.1783 -0.017609 0.73953 -0.66794 0.081506
-0.057471 0.11798 1.1787 -0.016666 0.7391 -0.66847 0.081278
-0.057471 0.11798 1.1787 -0.016666 0.7391 -0.66847 0.081278
-0.057464 0.11804 1.1792 -0.017589 0.73883 -0.66875 0.081223
-0.057929 0.11781 1.179 -0.017318 0.73895 -0.66855 0.081766
-0.057929 0.11781 1.179 -0.017318 0.73895 -0.66855 0.081766
-0.057812 0.11813 1.1793 -0.017186 0.73871 -0.66889 0.081242
-0.057812 0.11813 1.1793 -0.017186 0.73871 -0.66889 0.081242
-0.057812 0.11813 1.1793 -0.017186 0.73871 -0.66889 0.081242
-0.058153 0.11824 1.1791 -0.016284 0.73866 -0.66891 0.081697
-0.057614 0.118 1.1791 -0.017747 0.73888 -0.6687 0.081097
-0.057614 0.118 1.1791 -0.017747 0.73888 -0.6687 0.081097
-0.057614 0.118 1.1791 -0.017747 0.73888 -0.6687 0.081097
-0.057614 0.118 1.1791 -0.017747 0.73888 -0.6687 0.081097
-0.057917 0.11844 1.1784 -0.017264 0.73909 -0.66842 0.081595
-0.05793 0.11822 1.179 -0.017126 0.73885 -0.66877 0.080933
-0.057719 0.11803 1.1792 -0.017228 0.73895 -0.66865 0.081033
-0.057719 0.11803 1.1792 -0.017228 0.73895 -0.66865 0.081033
-0.05758 0.1179 1.1789 -0.017013 0.73931 -0.6682 0.081445
-0.057675 0.11805 1.1794 -0.017134 0.73865 -0.66895 0.081272
-0.057244 0.11766 1.1791 -0.01761 0.73921 -0.66834 0.081092
-0.057827 0.11784 1.1788 -0.016777 0.73928 -0.66827 0.081262
-0.057827 0.11784 1.1788 -0.016777 0.73928 -0.66827 0.081262
-0.05771 0.11754 1.1793 -0.017057 0.73923 -0.66838 0.080734
-0.057861 0.11837 1.1789 -0.016765 0.7386 -0.66893 0.081974
-0.057861 0.11837 1.1789 -0.016765 0.7386 -0.66893 0.081974
-0.057928 0.11806 1.1789 -0.017168 0.73909 -0.66847 0.081236
-0.057928 0.11806 1.1789 -0.017168 0.73909 -0.66847 0.081236
-0.057928 0.11806 1.1789 -0.017168 0.73909 -0.66847 0.081236
-0.057965 0.1177 1.1794 -0.017138 0.73864 -0.66892 0.081605
-0.058096 0.11851 1.179 -0.016729 0.73852 -0.66909 0.081343
-0.05751 0.11765 1.1794 -0.018077 0.73904 -0.6686 0.080388
-0.05751 0.11765 1.1794 -0.018077 0.73904 -0.6686 0.080388
-0.05751 0.11765 1.1794 -0.018077 0.73904 -0.6686 0.080388
-0.057919 0.11902 1.179 -0.01693 0.73826 -0.66937 0.081429
-0.057989 0.11749 1.1784 -0.017193 0.73952 -0.66793 0.081787
-0.057905 0.11758 1.1789 -0.016971 0.73923 -0.66822 0.081988
-0.057905 0.11758 1.1789 -0.016971 0.73923 -0.66822 0.081988
-0.057905 0.11758 1.1789 -0.016971 0.73923 -0.66822 0.081988
-0.057883 0.11737 1.1787 -0.017194 0.73964 -0.66783 0.081472
-0.057509 0.11762 1.1791 -0.017392 0.73913 -0.66834 0.0819
-0.057405 0.1179 1.1792 -0.017593 0.73909 -0.66849 0.08094
-0.057405 0.1179 1.1792 -0.017593 0.73909 -0.66849 0.08094
-0.057405 0.1179 1.1792 -0.017593 0.73909 -0.66849 0.08094
-0.058155 0.11777 1.1791 -0.016859 0.73891 -0.66869 0.081087
-0.057516 0.1178 1.1791 -0.017016 0.73896 -0.66864 0.081079
-0.057516 0.1178 1.1791 -0.017016 0.73896 -0.66864 0.081079
-0.057516 0.1178 1.1791 -0.017016 0.73896 -0.66864 0.081079
-0.057516 0.1178 1.1791 -0.017016 0.73896 -0.66864 0.081079
-0.057649 0.11787 1.1788 -0.017037 0.73921 -0.66824 0.082026
-0.057709 0.1183 1.1795 -0.016843 0.73842 -0.6692 0.08145
-0.057709 0.1183 1.1795 -0.016843 0.73842 -0.6692 0.08145
-0.057709 0.1183 1.1795 -0.016843 0.73842 -0.6692 0.08145
-0.057709 0.1183 1.1795 -0.016843 0.73842 -0.6692 0.08145
-0.057983 0.1175 1.1791 -0.017359 0.73924 -0.66823 0.081787
-0.05808 0.11818 1.1793 -0.016901 0.73842 -0.66912 0.082033
-0.058071 0.11816 1.1793 -0.016728 0.73862 -0.66898 0.081358
-0.058071 0.11816 1.1793 -0.016728 0.73862 -0.66898 0.081358
-0.057712 0.11798 1.1788 -0.016846 0.73907 -0.66846 0.081627
-0.057762 0.11812 1.1788 -0.016793 0.73921 -0.66823 0.082173
-0.057652 0.11786 1.1786 -0.017185 0.73939 -0.66811 0.081423
-0.057879 0.11762 1.1788 -0.016896 0.7396 -0.66788 0.081545
-0.057879 0.11762 1.1788 -0.016896 0.7396 -0.66788 0.081545
-0.057879 0.11762 1.1788 -0.016896 0.7396 -0.66788 0.081545
-0.057455 0.11764 1.179 -0.017361 0.73933 -0.66825 0.08084
-0.057907 0.11791 1.1789 -0.017038 0.73916 -0.6684 0.081186
-0.057907 0.11791 1.1789 -0.017038 0.73916 -0.6684 0.081186
-0.057907 0.11791 1.1789 -0.017038 0.73916 -0.6684 0.081186
-0.057907 0.11791 1.1789 -0.017038 0.73916 -0.6684 0.081186
-0.05823 0.11795 1.179 -0.017108 0.7389 -0.66862 0.081736
-0.05694 0.11835 1.1793 -0.01787 0.73875 -0.66889 0.080677
-0.05694 0.11835 1.1793 -0.01787 0.73875 -0.66889 0.080677
-0.05694 0.11835 1.1793 -0.01787 0.73875 -0.66889 0.080677
-0.05694 0.11835 1.1793 -0.01787 0.73875 -0.66889 0.080677
-0.05799 0.11787 1.1789 -0.016238 0.73922 -0.66832 0.081484
-0.058186 0.11755 1.1787 -0.016215 0.73944 -0.668 0.082032
-0.058254 0.11762 1.1786 -0.017166 0.73935 -0.6681 0.081892
-0.058254 0.11762 1.1786 -0.017166 0.73935 -0.6681 0.081892
-0.0577 0.11782 1.1792 -0.016733 0.73895 -0.66863 0.081226
-0.057717 0.1182 1.1791 -0.017821 0.73865 -0.66885 0.081897
-0.057717 0.1182 1.1791 -0.017821 0.73865 -0.66885 0.081897
-0.058058 0.11793 1.1788 -0.017188 0.73913 -0.66842 0.081344
-0.058058 0.11793 1.1788 -0.017188 0.73913 -0.66842 0.081344
-0.058058 0.11793 1.1788 -0.017188 0.73913 -0.66842 0.081344
-0.057349 0.11821 1.1794 -0.017492 0.73855 -0.66911 0.080844
-0.057729 0.11839 1.1793 -0.017709 0.73844 -0.66914 0.081481
-0.057729 0.11839 1.1793 -0.017709 0.73844 -0.66914 0.081481
-0.057729 0.11839 1.1793 -0.017709 0.73844 -0.66914 0.081481
-0.057729 0.11839 1.1793 -0.017709 0.73844 -0.66914 0.081481
-0.058143 0.11845 1.1792 -0.016292 0.73869 -0.66901 0.080603
-0.05773 0.11739 1.179 -0.017741 0.73943 -0.66808 0.081183
-0.0578 0.11829 1.179 -0.017417 0.73892 -0.66866 0.081191
-0.0578 0.11829 1.179 -0.017417 0.73892 -0.66866 0.081191
-0.0578 0.11829 1.179 -0.017417 0.73892 -0.66866 0.081191
-0.057477 0.11823 1.179 -0.017536 0.73887 -0.66874 0.080881
-0.05752 0.11818 1.1789 -0.017594 0.73899 -0.66854 0.081438
-0.057674 0.11776 1.1787 -0.017323 0.73919 -0.66825 0.082131
-0.057674 0.11776 1.1787 -0.017323 0.73919 -0.66825 0.082131
-0.057895 0.11745 1.179 -0.016529 0.73957 -0.66795 0.08125
-0.05776 0.11838 1.1793 -0.016537 0.73859 -0.66911 0.080675
-0.05806 0.11821 1.1793 -0.016115 0.73857 -0.669 0.081825
-0.057406 0.11731 1.1787 -0.0176 0.73946 -0.66795 0.082001
-0.057406 0.11731 1.1787 -0.0176 0.73946 -0.66795 0.082001
-0.057406 0.11731 1.1787 -0.0176 0.73946 -0.66795 0.082001
-0.057931 0.11788 1.1785 -0.017268 0.73935 -0.66818 0.081208
-0.057957 0.11848 1.1788 -0.017009 0.73849 -0.66908 0.081701
-0.057957 0.11848 1.1788 -0.017009 0.73849 -0.66908 0.081701
-0.057957 0.11848 1.1788 -0.017009 0.73849 -0.66908 0.081701
-0.057957 0.11848 1.1788 -0.017009 0.73849 -0.66908 0.081701
-0.057744 0.11807 1.1791 -0.016962 0.73881 -0.66873 0.081648
-0.058186 0.11844 1.179 -0.017012 0.73852 -0.66906 0.0816
-0.058186 0.11844 1.179 -0.017012 0.73852 -0.66906 0.0816
-0.058186 0.11844 1.179 -0.017012 0.73852 -0.66906 0.0816
-0.058186 0.11844 1.179 -0.017012 0.73852 -0.66906 0.0816
-0.057709 0.11804 1.1791 -0.017434 0.73887 -0.66873 0.081053
-0.057675 0.11794 1.1793 -0.017679 0.73872 -0.66892 0.080798
-0.058009 0.11803 1.1791 -0.017311 0.73871 -0.6688 0.081943
-0.058009 0.11803 1.1791 -0.017311 0.73871 -0.6688 0.081943
