-0.057645 0.11735 1.1796 -0.017547 0.73893 -0.66855 0.082006
-0.057927 0.11711 1.1788 -0.017188 0.73985 -0.6676 0.081447
-0.058105 0.11804 1.1789 -0.01711 0.7387 -0.6688 0.082094
-0.057562 0.11759 1.1787 -0.018148 0.73952 -0.6679 0.081777
-0.057145 0.11821 1.1796 -0.018258 0.73838 -0.66918 0.081568
-0.057648 0.11776 1.1791 -0.017624 0.73879 -0.66864 0.082394
-0.056804 0.11778 1.1796 -0.018529 0.73865 -0.6688 0.082204
-0.057941 0.11778 1.1789 -0.016693 0.73923 -0.66828 0.081656
-0.057289 0.11769 1.1793 -0.0175 0.73864 -0.66879 0.082604
-0.057289 0.11769 1.1793 -0.0175 0.73864 -0.66879 0.082604
-0.057858 0.11816 1.1792 -0.01746 0.73861 -0.66895 0.081526
-0.057858 0.11816 1.1792 -0.01746 0.73861 -0.66895 0.081526
-0.057759 0.11741 1.1794 -0.017401 0.73904 -0.66838 0.082351
-0.057759 0.11741 1.1794 -0.017401 0.73904 -0.66838 0.082351
-0.057497 0.1182 1.1791 -0.017614 0.73875 -0.66878 0.081731
-0.05752 0.1174 1.1789 -0.017673 0.73928 -0.66812 0.082263
-0.057866 0.11785 1.179 -0.017382 0.73897 -0.66846 0.08229
-0.057928 0.11759 1.1791 -0.016886 0.73918 -0.6683 0.081869
-0.057333 0.11797 1.1795 -0.017848 0.73843 -0.66909 0.082027
-0.057333 0.11797 1.1795 -0.017848 0.73843 -0.66909 0.082027
-0.057927 0.11763 1.1794 -0.017489 0.73863 -0.66884 0.082235
-0.057581 0.11781 1.1789 -0.017745 0.73903 -0.66849 0.08146
-0.057716 0.1177 1.1796 -0.017525 0.73876 -0.66881 0.081377
-0.057635 0.11735 1.1786 -0.017689 0.73971 -0.66772 0.081686
-0.058008 0.11755 1.1788 -0.017612 0.73939 -0.66809 0.081521
-0.057832 0.11783 1.179 -0.017429 0.73904 -0.66841 0.08208
-0.057865 0.11747 1.1793 -0.017692 0.73901 -0.66844 0.082124
-0.057677 0.11799 1.1792 -0.018332 0.73882 -0.66867 0.081831
-0.057995 0.11809 1.1788 -0.017656 0.73882 -0.66863 0.082277
-0.057995 0.11809 1.1788 -0.017656 0.73882 -0.66863 0.082277
-0.057931 0.11783 1.1794 -0.0172 0.73858 -0.66901 0.081391
-0.057585 0.11772 1.179 -0.018373 0.73884 -0.66855 0.082564
-0.057585 0.11772 1.179 -0.018373 0.73884 -0.66855 0.082564
-0.057936 0.11767 1.179 -0.017289 0.73923 -0.66822 0.081956
-0.057741 0.11775 1.179 -0.016989 0.73918 -0.66828 0.081954
-0.057813 0.11762 1.179 -0.017359 0.73904 -0.66844 0.081888
-0.057739 0.11764 1.1793 -0.017576 0.73877 -0.66869 0.082323
-0.057972 0.11768 1.1791 -0.017857 0.73884 -0.66863 0.082022
-0.05766 0.11781 1.1788 -0.017367 0.73928 -0.66819 0.081815
-0.057778 0.11756 1.1794 -0.017351 0.7389 -0.66864 0.081567
-0.057778 0.11756 1.1794 -0.017351 0.7389 -0.66864 0.081567
-0.057847 0.11749 1.179 -0.017014 0.7391 -0.66832 0.082358
-0.058328 0.11785 1.179 -0.017526 0.73908 -0.66837 0.082016
-0.0574 0.11867 1.1795 -0.018238 0.73795 -0.66954 0.082494
-0.0574 0.11867 1.1795 -0.018238 0.73795 -0.66954 0.082494
-0.057786 0.11778 1.1792 -0.017628 0.73882 -0.66869 0.081779
-0.057671 0.118 1.1793 -0.017579 0.73857 -0.66894 0.081985
-0.058269 0.11786 1.1792 -0.016365 0.73874 -0.6688 0.081862
-0.057848 0.11864 1.179 -0.017098 0.73847 -0.66911 0.081682
-0.057445 0.11751 1.1791 -0.018008 0.73927 -0.66817 0.081915
-0.057355 0.11765 1.1794 -0.01808 0.73892 -0.6686 0.081483
-0.058126 0.11768 1.1791 -0.01672 0.73899 -0.6685 0.081953
-0.058126 0.11768 1.1791 -0.01672 0.73899 -0.6685 0.081953
-0.057889 0.11768 1.1789 -0.01763 0.73934 -0.66812 0.081744
-0.057551 0.11773 1.1792 -0.017923 0.73915 -0.66835 0.081499
-0.057551 0.11773 1.1792 -0.017923 0.73915 -0.66835 0.081499
-0.057551 0.11773 1.1792 -0.017923 0.73915 -0.66835 0.081499
-0.057551 0.11773 1.1792 -0.017923 0.73915 -0.66835 0.081499
-0.057741 0.1184 1.1791 -0.017888 0.73842 -0.66913 0.081683
-0.05816 0.1177 1.1795 -0.017463 0.73865 -0.66894 0.08132
-0.057925 0.11757 1.1793 -0.016884 0.73904 -0.66843 0.082095
-0.057925 0.11757 1.1793 -0.016884 0.73904 -0.66843 0.082095
-0.057925 0.11757 1.1793 -0.016884 0.73904 -0.66843 0.082095
-0.057892 0.11762 1.1789 -0.017123 0.73928 -0.66816 0.082115
-0.058031 0.1174 1.1791 -0.016993 0.73917 -0.66826 0.082286
-0.058031 0.1174 1.1791 -0.016993 0.73917 -0.66826 0.082286
-0.058031 0.1174 1.1791 -0.016993 0.73917 -0.66826 0.082286
-0.057532 0.11768 1.1791 -0.017585 0.73902 -0.66849 0.08156
-0.05727 0.11744 1.179 -0.018439 0.73911 -0.66823 0.08273
-0.05727 0.11744 1.179 -0.018439 0.73911 -0.66823 0.08273
-0.057113 0.11717 1.1787 -0.017654 0.73967 -0.66768 0.082345
-0.057113 0.11717 1.1787 -0.017654 0.73967 -0.66768 0.082345
-0.057743 0.1178 1.179 -0.017311 0.73878 -0.66867 0.08235
-0.057458 0.11798 1.179 -0.018375 0.73886 -0.6686 0.081979
-0.058345 0.11784 1.1793 -0.016834 0.73882 -0.66872 0.081674
-0.058345 0.11784 1.1793 -0.016834 0.73882 -0.66872 0.081674
-0.058345 0.11784 1.1793 -0.016834 0.73882 -0.66872 0.081674
-0.058345 0.11784 1.1793 -0.016834 0.73882 -0.66872 0.081674
-0.057426 0.11874 1.1793 -0.018859 0.73798 -0.66961 0.081542
-0.058078 0.11782 1.1791 -0.017464 0.73878 -0.6687 0.08215
-0.058078 0.11782 1.1791 -0.017464 0.73878 -0.6687 0.08215
-0.058078 0.11782 1.1791 -0.017464 0.73878 -0.6687 0.08215
-0.058078 0.11782 1.1791 -0.017464 0.73878 -0.6687 0.08215
-0.057602 0.11823 1.179 -0.018011 0.73852 -0.66897 0.082172
-0.057978 0.11742 1.1789 -0.017479 0.73952 -0.66785 0.082351
-0.057264 0.11801 1.1793 -0.017885 0.73879 -0.66875 0.081521
-0.057264 0.11801 1.1793 -0.017885 0.73879 -0.66875 0.081521
-0.057865 0.1177 1.1794 -0.017732 0.73884 -0.66866 0.081834
-0.057699 0.11806 1.1793 -0.017257 0.73831 -0.6692 0.082301
-0.058242 0.11777 1.1789 -0.017176 0.73928 -0.66829 0.080989
-0.058242 0.11777 1.1789 -0.017176 0.73928 -0.66829 0.080989
-0.058242 0.11777 1.1789 -0.017176 0.73928 -0.66829 0.080989
-0.058242 0.11777 1.1789 -0.017176 0.73928 -0.66829 0.080989
-0.057835 0.11807 1.1794 -0.017601 0.73845 -0.66911 0.08173
-0.057295 0.1177 1.1797 -0.017711 0.73853 -0.66893 0.082461
-0.057295 0.1177 1.1797 -0.017711 0.73853 -0.66893 0.082461
-0.057295 0.1177 1.1797 -0.017711 0.73853 -0.66893 0.082461
-0.057295 0.1177 1.1797 -0.017711 0.73853 -0.66893 0.082461
-0.057901 0.11772 1.1805 -0.017868 0.7383 -0.66927 0.081697
-0.058436 0.11801 1.1804 -0.016685 0.73827 -0.66924 0.082481
-0.058317 0.1183 1.1803 -0.01667 0.7384 -0.66912 0.082331
-0.058317 0.1183 1.1803 -0.01667 0.7384 -0.66912 0.082331
-0.05826 0.118 1.1814 -0.016612 0.73816 -0.6694 0.0821
-0.058673 0.11841 1.1816 -0.016152 0.73792 -0.66961 0.082692
-0.058745 0.11833 1.182 -0.016342 0.73791 -0.66958 0.082949
-0.058136 0.11839 1.1827 -0.016936 0.73798 -0.66957 0.082254
-0.058136 0.11839 1.1827 -0.016936 0.73798 -0.66957 0.082254
-0.058136 0.11839 1.1827 -0.016936 0.73798 -0.66957 0.082254
-0.058492 0.1184 1.1836 -0.017101 0.73811 -0.66942 0.082379
-0.058947 0.11802 1.1853 -0.016723 0.73788 -0.66972 0.082012
-0.058947 0.11802 1.1853 -0.016723 0.73788 -0.66972 0.082012
-0.058947 0.11802 1.1853 -0.016723 0.73788 -0.66972 0.082012
-0.058947 0.11802 1.1853 -0.016723 0.73788 -0.66972 0.082012
-0.058902 0.11769 1.1866 -0.015905 0.73824 -0.66929 0.082472
-0.058924 0.1184 1.1873 -0.015716 0.73835 -0.66909 0.083111
-0.058924 0.1184 1.1873 -0.015716 0.73835 -0.66909 0.083111
-0.058924 0.1184 1.1873 -0.015716 0.73835 -0.66909 0.083111
-0.058924 0.1184 1.1873 -0.015716 0.73835 -0.66909 0.083111
-0.058571 0.11807 1.1897 -0.016957 0.73834 -0.66904 0.083324
-0.058343 0.11891 1.1909 -0.016513 0.7374 -0.67023 0.082237
-0.058655 0.11833 1.1921 -0.016732 0.73781 -0.66975 0.082423
-0.058655 0.11833 1.1921 -0.016732 0.73781 -0.66975 0.082423
-0.058678 0.11822 1.1934 -0.016814 0.73789 -0.66963 0.08262
-0.058242 0.11812 1.195 -0.016996 0.73823 -0.66924 0.082741
-0.058242 0.11812 1.195 -0.016996 0.73823 -0.66924 0.082741
-0.057586 0.11793 1.1955 -0.017735 0.73879 -0.66861 0.08263
-0.057586 0.11793 1.1955 -0.017735 0.73879 -0.66861 0.08263
-0.057785 0.11825 1.1978 -0.01782 0.73824 -0.66922 0.082664
-0.058283 0.11797 1.1987 -0.016814 0.73835 -0.66913 0.082576
-0.057696 0.11771 1.2006 -0.0175 0.73863 -0.6688 0.082601
-0.057696 0.11771 1.2006 -0.0175 0.73863 -0.6688 0.082601
-0.057696 0.11771 1.2006 -0.0175 0.73863 -0.6688 0.082601
-0.057736 0.1169 1.2024 -0.017858 0.73953 -0.66781 0.082441
-0.057843 0.11776 1.2041 -0.016999 0.73844 -0.6691 0.081963
-0.057957 0.11684 1.2057 -0.017424 0.73947 -0.66788 0.082606
-0.057957 0.11684 1.2057 -0.017424 0.73947 -0.66788 0.082606
-0.057957 0.11684 1.2057 -0.017424 0.73947 -0.66788 0.082606
-0.057957 0.11684 1.2057 -0.017424 0.73947 -0.66788 0.082606
-0.05796 0.11693 1.2094 -0.017137 0.73908 -0.66832 0.082568
-0.057419 0.11739 1.2104 -0.017969 0.73894 -0.66853 0.081973
-0.057621 0.11741 1.212 -0.017701 0.73866 -0.66881 0.082176
-0.057621 0.11741 1.212 -0.017701 0.73866 -0.66881 0.082176
-0.057823 0.11727 1.2141 -0.016973 0.73912 -0.66839 0.081681
-0.057504 0.11759 1.217 -0.01829 0.73834 -0.66917 0.081976
-0.057504 0.11759 1.217 -0.01829 0.73834 -0.66917 0.081976
-0.05803 0.11764 1.2182 -0.016636 0.7382 -0.66933 0.082317
-0.05803 0.11764 1.2182 -0.016636 0.7382 -0.66933 0.082317
-0.05803 0.11764 1.2182 -0.016636 0.7382 -0.66933 0.082317
-0.057721 0.11708 1.2215 -0.017786 0.73865 -0.66882 0.082244
-0.058512 0.11709 1.2237 -0.017016 0.73858 -0.66897 0.081787
-0.058512 0.11709 1.2237 -0.017016 0.73858 -0.66897 0.081787
-0.058512 0.11709 1.2237 -0.017016 0.73858 -0.66897 0.081787
-0.058512 0.11709 1.2237 -0.017016 0.73858 -0.66897 0.081787
-0.057388 0.11729 1.2271 -0.017848 0.7386 -0.66886 0.082343
-0.05756 0.1173 1.2295 -0.017287 0.73853 -0.66899 0.082011
-0.05756 0.1173 1.2295 -0.017287 0.73853 -0.66899 0.082011
-0.05756 0.1173 1.2295 -0.017287 0.73853 -0.66899 0.082011
-0.057886 0.11722 1.2314 -0.017023 0.73864 -0.66883 0.082437
-0.057839 0.1172 1.2332 -0.016613 0.73931 -0.66816 0.081856
-0.057144 0.11771 1.2338 -0.016647 0.73929 -0.66816 0.082088
-0.057144 0.11771 1.2338 -0.016647 0.73929 -0.66816 0.082088
-0.057144 0.11771 1.2338 -0.016647 0.73929 -0.66816 0.082088
-0.057144 0.11771 1.2338 -0.016647 0.73929 -0.66816 0.082088
-0.056947 0.11814 1.2379 -0.01679 0.7383 -0.66936 0.081201
-0.057279 0.11738 1.2395 -0.015808 0.73907 -0.66852 0.081305
-0.057279 0.11738 1.2395 -0.015808 0.73907 -0.66852 0.081305
-0.057279 0.11738 1.2395 -0.015808 0.73907 -0.66852 0.081305
-0.057279 0.11738 1.2395 -0.015808 0.73907 -0.66852 0.081305
-0.056664 0.11747 1.2419 -0.015989 0.73955 -0.66813 0.08007
-0.05705 0.1169 1.2429 -0.015106 0.73949 -0.66819 0.080303
-0.057129 0.11757 1.244 -0.014481 0.7391 -0.66869 0.079803
-0.057129 0.11757 1.244 -0.014481 0.7391 -0.66869 0.079803
-0.056966 0.11816 1.2455 -0.014474 0.73858 -0.66927 0.079807
-0.056682 0.11749 1.2463 -0.014199 0.7391 -0.66873 0.079563
-0.056667 0.11762 1.2472 -0.013822 0.73872 -0.66919 0.07931
-0.056471 0.11827 1.2476 -0.013999 0.73875 -0.66918 0.079061
-0.056471 0.11827 1.2476 -0.013999 0.73875 -0.66918 0.079061
-0.056566 0.11722 1.2496 -0.013201 0.73887 -0.66913 0.078484
-0.055757 0.11736 1.2508 -0.013283 0.73896 -0.66905 0.078326
-0.055757 0.11736 1.2508 -0.013283 0.73896 -0.66905 0.078326
-0.055376 0.11757 1.2515 -0.013984 0.73871 -0.66938 0.077738
-0.055376 0.11757 1.2515 -0.013984 0.73871 -0.66938 0.077738
-0.055376 0.11757 1.2515 -0.013984 0.73871 -0.66938 0.077738
-0.05571 0.11769 1.2532 -0.012516 0.73909 -0.669 0.077611
-0.05571 0.11769 1.2532 -0.012516 0.73909 -0.669 0.077611
-0.055416 0.11835 1.2542 -0.012629 0.73835 -0.66987 0.07718
-0.055416 0.11835 1.2542 -0.012629 0.73835 -0.66987 0.07718
-0.055416 0.11835 1.2542 -0.012629 0.73835 -0.66987 0.07718
-0.055616 0.11757 1.2559 -0.011182 0.73885 -0.66949 0.075853
-0.055616 0.11757 1.2559 -0.011182 0.73885 -0.66949 0.075853
-0.055282 0.1178 1.2563 -0.010661 0.73883 -0.66951 0.075998
-0.055282 0.1178 1.2563 -0.010661 0.73883 -0.66951 0.075998
-0.054639 0.11806 1.2569 -0.01067 0.73884 -0.66951 0.075807
-0.054969 0.11814 1.2577 -0.01037 0.73872 -0.66972 0.07526
-0.054969 0.11814 1.2577 -0.01037 0.73872 -0.66972 0.07526
-0.05475 0.11851 1.2581 -0.010083 0.73847 -0.67006 0.074733
-0.05475 0.11851 1.2581 -0.010083 0.73847 -0.67006 0.074733
-0.05475 0.11851 1.2581 -0.010083 0.73847 -0.67006 0.074733
-0.053493 0.11719 1.2587 -0.01035 0.7398 -0.66863 0.074289
-0.053806 0.11755 1.2589 -0.0098496 0.73957 -0.66889 0.074325
-0.053806 0.11755 1.2589 -0.0098496 0.73957 -0.66889 0.074325
-0.053806 0.11755 1.2589 -0.0098496 0.73957 -0.66889 0.074325
-0.053806 0.11755 1.2589 -0.0098496 0.73957 -0.66889 0.074325
-0.054002 0.1178 1.2598 -0.0098422 0.73891 -0.66967 0.073841
-0.053336 0.11816 1.2593 -0.0097959 0.73937 -0.6692 0.07351
-0.053759 0.11809 1.2596 -0.0092739 0.73908 -0.66952 0.07362
-0.053759 0.11809 1.2596 -0.0092739 0.73908 -0.66952 0.07362
-0.053257 0.11745 1.2599 -0.0093012 0.73947 -0.66912 0.073356
-0.053589 0.11826 1.2604 -0.0086235 0.73867 -0.67005 0.072977
-0.053917 0.11847 1.2597 -0.0087017 0.73911 -0.66954 0.073259
-0.054066 0.11825 1.2598 -0.0078183 0.73906 -0.66958 0.073466
-0.054066 0.11825 1.2598 -0.0078183 0.73906 -0.66958 0.073466
-0.054037 0.11837 1.2594 -0.007984 0.73929 -0.66936 0.073087
-0.053845 0.11816 1.2596 -0.0080381 0.73935 -0.66936 0.072436
-0.053172 0.11811 1.2601 -0.0080693 0.73907 -0.66967 0.072523
-0.053172 0.11811 1.2601 -0.0080693 0.73907 -0.66967 0.072523
-0.053172 0.11811 1.2601 -0.0080693 0.73907 -0.66967 0.072523
-0.053172 0.11811 1.2601 -0.0080693 0.73907 -0.66967 0.072523
-0.053406 0.11788 1.2597 -0.0080856 0.73945 -0.66923 0.072626
-0.053305 0.11868 1.26 -0.0082367 0.73879 -0.66999 0.072353
-0.053305 0.11868 1.26 -0.0082367 0.73879 -0.66999 0.072353
-0.053305 0.11868 1.26 -0.0082367 0.73879 -0.66999 0.072353
-0.05313 0.11856 1.2599 -0.0078897 0.7391 -0.66968 0.072094
-0.053126 0.11838 1.26 -0.0071498 0.739 -0.66979 0.072159
-0.052851 0.11876 1.2598 -0.008532 0.73887 -0.66985 0.072743
-0.052851 0.11876 1.2598 -0.008532 0.73887 -0.66985 0.072743
-0.052851 0.11876 1.2598 -0.008532 0.73887 -0.66985 0.072743
-0.053009 0.1189 1.2597 -0.0076542 0.7389 -0.66983 0.072748
-0.052883 0.11788 1.2596 -0.0084486 0.73972 -0.66891 0.072813
-0.053729 0.11814 1.2596 -0.0072952 0.73936 -0.66938 0.072347
-0.053729 0.11814 1.2596 -0.0072952 0.73936 -0.66938 0.072347
-0.053527 0.11826 1.2603 -0.0076199 0.73889 -0.66994 0.071844
-0.053527 0.11826 1.2603 -0.0076199 0.73889 -0.66994 0.071844
-0.053236 0.11884 1.2598 -0.007386 0.73891 -0.6699 0.072044
-0.053062 0.11834 1.2599 -0.0072185 0.73926 -0.66951 0.072148
-0.053062 0.11834 1.2599 -0.0072185 0.73926 -0.66951 0.072148
-0.053062 0.11834 1.2599 -0.0072185 0.73926 -0.66951 0.072148
-0.053062 0.11834 1.2599 -0.0072185 0.73926 -0.66951 0.072148
-0.053509 0.11799 1.2595 -0.0063443 0.73945 -0.66923 0.072835
-0.053397 0.11832 1.2594 -0.0069766 0.73948 -0.66927 0.072153
-0.052892 0.11818 1.2599 -0.0075556 0.73931 -0.66948 0.071855
-0.052892 0.11818 1.2599 -0.0075556 0.73931 -0.66948 0.071855
-0.052892 0.11818 1.2599 -0.0075556 0.73931 -0.66948 0.071855
-0.053288 0.11847 1.2598 -0.0068817 0.73908 -0.66975 0.071747
-0.053017 0.11862 1.2599 -0.0078482 0.739 -0.66977 0.072239
-0.052698 0.11867 1.2598 -0.0075544 0.73919 -0.66959 0.072068
-0.052698 0.11867 1.2598 -0.0075544 0.73919 -0.66959 0.072068
-0.05305 0.11833 1.2597 -0.0066768 0.73934 -0.66946 0.07186
-0.052267 0.11851 1.2601 -0.0074073 0.73905 -0.66975 0.072027
-0.052267 0.11851 1.2601 -0.0074073 0.73905 -0.66975 0.072027
-0.053251 0.11844 1.2593 -0.0069796 0.73958 -0.66912 0.072523
-0.053251 0.11844 1.2593 -0.0069796 0.73958 -0.66912 0.072523
-0.053251 0.11844 1.2593 -0.0069796 0.73958 -0.66912 0.072523
-0.05286 0.11901 1.26 -0.0067969 0.73863 -0.67024 0.071869
-0.05283 0.11895 1.2599 -0.0075522 0.73899 -0.66985 0.071757
-0.05283 0.11895 1.2599 -0.0075522 0.73899 -0.66985 0.071757
-0.05283 0.11895 1.2599 -0.0075522 0.73899 -0.66985 0.071757
-0.05283 0.11895 1.2599 -0.0075522 0.73899 -0.66985 0.071757
-0.053066 0.11827 1.2594 -0.0069727 0.73988 -0.66886 0.071798
-0.052998 0.11872 1.2599 -0.0075396 0.73887 -0.66992 0.072283
-0.052802 0.11854 1.2597 -0.0077252 0.73924 -0.6696 0.071484
-0.052802 0.11854 1.2597 -0.0077252 0.73924 -0.6696 0.071484
-0.05235 0.1191 1.26 -0.0081215 0.73862 -0.67012 0.072835
-0.053087 0.11791 1.2598 -0.0068808 0.73956 -0.66923 0.07168
-0.053337 0.11897 1.2599 -0.006424 0.73894 -0.66991 0.071713
-0.053101 0.11845 1.2596 -0.0066111 0.73951 -0.66928 0.071738
-0.053101 0.11845 1.2596 -0.0066111 0.73951 -0.66928 0.071738
-0.052693 0.11835 1.2595 -0.0067336 0.73956 -0.66918 0.072128
-0.052876 0.11808 1.2594 -0.0070675 0.73969 -0.66903 0.072119
-0.052876 0.11808 1.2594 -0.0070675 0.73969 -0.66903 0.072119
-0.053052 0.11903 1.2596 -0.0068813 0.73903 -0.66979 0.071894
-0.053052 0.11903 1.2596 -0.0068813 0.73903 -0.66979 0.071894
-0.053052 0.11903 1.2596 -0.0068813 0.73903 -0.66979 0.071894
-0.053128 0.11819 1.2595 -0.0071124 0.73952 -0.66921 0.072251
-0.053379 0.11804 1.2597 -0.0062192 0.73961 -0.66921 0.071436
-0.052927 0.11864 1.2598 -0.0070055 0.73917 -0.66964 0.071811
-0.052927 0.11864 1.2598 -0.0070055 0.73917 -0.66964 0.071811
-0.052927 0.11864 1.2598 -0.0070055 0.73917 -0.66964 0.071811
-0.053096 0.11817 1.2599 -0.008054 0.73912 -0.66963 0.072315
-0.053014 0.11884 1.2596 -0.0068543 0.73924 -0.66957 0.07175
-0.052742 0.11849 1.2597 -0.0071003 0.73906 -0.66971 0.072323
-0.052742 0.11849 1.2597 -0.0071003 0.73906 -0.66971 0.072323
-0.052478 0.11799 1.2596 -0.0074233 0.73968 -0.66903 0.072198
-0.052785 0.11883 1.2599 -0.0075596 0.73875 -0.6701 0.071896
-0.052927 0.11892 1.2599 -0.0073895 0.73883 -0.66999 0.072017
-0.053091 0.11852 1.2598 -0.0069853 0.73923 -0.66959 0.071749
-0.053091 0.11852 1.2598 -0.0069853 0.73923 -0.66959 0.071749
-0.053091 0.11852 1.2598 -0.0069853 0.73923 -0.66959 0.071749
-0.052975 0.11841 1.2593 -0.0071097 0.73969 -0.66905 0.072031
-0.052907 0.11854 1.2595 -0.0064128 0.7394 -0.66942 0.071613
-0.052907 0.11854 1.2595 -0.0064128 0.7394 -0.66942 0.071613
-0.052907 0.11854 1.2595 -0.0064128 0.7394 -0.66942 0.071613
-0.052907 0.11854 1.2595 -0.0064128 0.7394 -0.66942 0.071613
-0.052685 0.11866 1.26 -0.0070477 0.73921 -0.66966 0.071191
-0.053036 0.11823 1.2594 -0.0064701 0.73982 -0.66892 0.071868
-0.053036 0.11823 1.2594 -0.0064701 0.73982 -0.66892 0.071868
-0.053036 0.11823 1.2594 -0.0064701 0.73982 -0.66892 0.071868
-0.053036 0.11823 1.2594 -0.0064701 0.73982 -0.66892 0.071868
-0.052706 0.1183 1.2599 -0.0078173 0.73916 -0.66959 0.07232
-0.052417 0.11853 1.2597 -0.0074324 0.73931 -0.66951 0.071621
-0.052986 0.11845 1.2597 -0.0063684 0.7392 -0.66963 0.071646
-0.052986 0.11845 1.2597 -0.0063684 0.7392 -0.66963 0.071646
-0.052968 0.11867 1.2594 -0.0067491 0.73939 -0.66939 0.071906
-0.052904 0.11806 1.2595 -0.0069057 0.73975 -0.66904 0.071415
-0.052904 0.11806 1.2595 -0.0069057 0.73975 -0.66904 0.071415
-0.052966 0.11877 1.26 -0.0071124 0.73885 -0.67004 0.071462
-0.052966 0.11877 1.26 -0.0071124 0.73885 -0.67004 0.071462
-0.052966 0.11877 1.26 -0.0071124 0.73885 -0.67004 0.071462
-0.052757 0.11875 1.2594 -0.0067288 0.73945 -0.66932 0.071919
-0.052921 0.11909 1.2598 -0.0071405 0.73878 -0.67011 0.071476
-0.052921 0.11909 1.2598 -0.0071405 0.73878 -0.67011 0.071476
-0.052921 0.11909 1.2598 -0.0071405 0.73878 -0.67011 0.071476
-0.052921 0.11909 1.2598 -0.0071405 0.73878 -0.67011 0.071476
-0.053009 0.11842 1.2598 -0.007036 0.73911 -0.6697 0.07192
-0.052798 0.11877 1.2598 -0.007325 0.73913 -0.66969 0.071757
-0.053381 0.11857 1.2595 -0.0062136 0.73936 -0.66946 0.071613
-0.053381 0.11857 1.2595 -0.0062136 0.73936 -0.66946 0.071613
-0.053381 0.11857 1.2595 -0.0062136 0.73936 -0.66946 0.071613
-0.052259 0.11873 1.2595 -0.0082593 0.73932 -0.66941 0.072378
-0.052925 0.11888 1.2596 -0.0060863 0.73911 -0.66973 0.071704
-0.053195 0.11886 1.2596 -0.0068275 0.73915 -0.66967 0.071807
-0.053195 0.11886 1.2596 -0.0068275 0.73915 -0.66967 0.071807
-0.053195 0.11886 1.2596 -0.0068275 0.73915 -0.66967 0.071807
-0.052893 0.11855 1.2597 -0.0061441 0.73935 -0.66948 0.071564
-0.052893 0.11855 1.2597 -0.0061441 0.73935 -0.66948 0.071564
-0.052895 0.11835 1.2596 -0.0064617 0.7396 -0.6692 0.071592
-0.052895 0.11835 1.2596 -0.0064617 0.7396 -0.6692 0.071592
-0.052895 0.11835 1.2596 -0.0064617 0.7396 -0.6692 0.071592
-0.052929 0.11887 1.2598 -0.0066886 0.73899 -0.66982 0.071974
-0.052894 0.11882 1.2599 -0.0075577 0.73879 -0.67008 0.071653
-0.052894 0.11882 1.2599 -0.0075577 0.73879 -0.67008 0.071653
-0.052894 0.11882 1.2599 -0.0075577 0.73879 -0.67008 0.071653
-0.052894 0.11882 1.2599 -0.0075577 0.73879 -0.67008 0.071653
-0.052898 0.11832 1.2596 -0.0066862 0.73945 -0.6694 0.071161
-0.052997 0.11888 1.2595 -0.0058445 0.73927 -0.66955 0.07175
-0.053306 0.11874 1.26 -0.0064179 0.73898 -0.66994 0.071092
-0.053306 0.11874 1.26 -0.0064179 0.73898 -0.66994 0.071092
-0.052839 0.11887 1.26 -0.0068058 0.73867 -0.6702 0.071749
-0.053101 0.11862 1.2597 -0.0062343 0.73912 -0.66974 0.071535
-0.052991 0.11855 1.2595 -0.0065706 0.73949 -0.66927 0.072075
-0.052729 0.11947 1.2597 -0.0066603 0.73871 -0.67024 0.071023
-0.052729 0.11947 1.2597 -0.0066603 0.73871 -0.67024 0.071023
-0.05232 0.1187 1.2595 -0.0070262 0.73937 -0.66943 0.071759
-0.053088 0.11878 1.2594 -0.0065157 0.73935 -0.66942 0.07202
-0.052611 0.11856 1.2595 -0.0074499 0.73941 -0.66934 0.072157
-0.052611 0.11856 1.2595 -0.0074499 0.73941 -0.66934 0.072157
-0.052611 0.11856 1.2595 -0.0074499 0.73941 -0.66934 0.072157
-0.052611 0.11856 1.2595 -0.0074499 0.73941 -0.66934 0.072157
-0.052936 0.119 1.26 -0.0063524 0.73876 -0.6701 0.07187
-0.053166 0.119 1.2597 -0.0065346 0.73904 -0.6698 0.071735
-0.052651 0.11894 1.2597 -0.0064932 0.73913 -0.66969 0.071833
-0.052651 0.11894 1.2597 -0.0064932 0.73913 -0.66969 0.071833
-0.052651 0.11894 1.2597 -0.0064932 0.73913 -0.66969 0.071833
-0.052921 0.1191 1.2594 -0.0065019 0.73905 -0.66978 0.071797
-0.052921 0.1191 1.2594 -0.0065019 0.73905 -0.66978 0.071797
-0.052896 0.1178 1.2595 -0.0064785 0.73997 -0.66886 0.07092
-0.052896 0.1178 1.2595 -0.0064785 0.73997 -0.66886 0.07092
-0.052948 0.11844 1.2598 -0.0062672 0.73936 -0.66946 0.071617
-0.052929 0.11832 1.2596 -0.0065627 0.73937 -0.66947 0.07143
-0.052929 0.11832 1.2596 -0.0065627 0.73937 -0.66947 0.07143
-0.052456 0.11814 1.2596 -0.007355 0.73949 -0.66927 0.071887
-0.052456 0.11814 1.2596 -0.007355 0.73949 -0.66927 0.071887
-0.052456 0.11814 1.2596 -0.007355 0.73949 -0.66927 0.071887
-0.052888 0.11885 1.2598 -0.0067313 0.73904 -0.66978 0.071814
-0.052993 0.11902 1.2597 -0.0066202 0.73914 -0.66978 0.070903
-0.052993 0.11902 1.2597 -0.0066202 0.73914 -0.66978 0.070903
-0.052993 0.11902 1.2597 -0.0066202 0.73914 -0.66978 0.070903
-0.053219 0.11888 1.2597 -0.0066599 0.73894 -0.6699 0.071787
-0.053352 0.11888 1.2601 -0.0058995 0.73859 -0.67035 0.071274
-0.052908 0.11824 1.2597 -0.0061005 0.73947 -0.66934 0.071599
-0.053399 0.11828 1.2597 -0.0052975 0.73926 -0.66956 0.071846
-0.053399 0.11828 1.2597 -0.0052975 0.73926 -0.66956 0.071846
-0.052883 0.11752 1.2597 -0.0064891 0.73998 -0.66882 0.0712
-0.05224 0.11826 1.2595 -0.0070754 0.73981 -0.66896 0.071549
-0.052844 0.11869 1.2596 -0.0071908 0.73929 -0.66955 0.071458
-0.052753 0.11917 1.2595 -0.0073489 0.73887 -0.66988 0.072646
-0.052753 0.11917 1.2595 -0.0073489 0.73887 -0.66988 0.072646
-0.052896 0.11927 1.2598 -0.0065655 0.73874 -0.67012 0.071853
-0.052763 0.11907 1.2598 -0.0071044 0.73875 -0.67012 0.07167
-0.052763 0.11907 1.2598 -0.0071044 0.73875 -0.67012 0.07167
-0.052792 0.11833 1.2594 -0.0069348 0.73957 -0.66921 0.071737
-0.052792 0.11833 1.2594 -0.0069348 0.73957 -0.66921 0.071737
-0.052792 0.11833 1.2594 -0.0069348 0.73957 -0.66921 0.071737
-0.052969 0.11878 1.2597 -0.0068963 0.73922 -0.66963 0.071399
-0.053291 0.11822 1.2599 -0.0065704 0.73922 -0.66958 0.071925
-0.053291 0.11822 1.2599 -0.0065704 0.73922 -0.66958 0.071925
-0.053291 0.11822 1.2599 -0.0065704 0.73922 -0.66958 0.071925
-0.053291 0.11822 1.2599 -0.0065704 0.73922 -0.66958 0.071925
-0.052735 0.1182 1.2597 -0.0073427 0.73946 -0.66934 0.071586
-0.053504 0.11887 1.2597 -0.00546 0.73904 -0.66982 0.071655
-0.052668 0.11844 1.2596 -0.007051 0.73949 -0.6693 0.07164
-0.052668 0.11844 1.2596 -0.007051 0.73949 -0.6693 0.07164
-0.052561 0.11813 1.2598 -0.0066814 0.73938 -0.66942 0.071696
-0.052938 0.11869 1.2595 -0.0067071 0.73955 -0.6693 0.071101
-0.052871 0.11857 1.2596 -0.0066729 0.73922 -0.66958 0.071899
-0.052758 0.11915 1.2599 -0.0065323 0.73862 -0.67027 0.071687
-0.052758 0.11915 1.2599 -0.0065323 0.73862 -0.67027 0.071687
-0.052758 0.11915 1.2599 -0.0065323 0.73862 -0.67027 0.071687
-0.052949 0.11908 1.2598 -0.0062702 0.73884 -0.67006 0.071414
-0.052812 0.1182 1.2598 -0.0072562 0.73929 -0.66952 0.071713
-0.052812 0.1182 1.2598 -0.0072562 0.73929 -0.66952 0.071713
-0.052812 0.1182 1.2598 -0.0072562 0.73929 -0.66952 0.071713
-0.052812 0.1182 1.2598 -0.0072562 0.73929 -0.66952 0.071713
-0.052862 0.11903 1.2598 -0.0067228 0.739 -0.66985 0.071677
-0.052281 0.1192 1.2597 -0.0072779 0.7389 -0.66993 0.07184
-0.05281 0.11839 1.2594 -0.0067915 0.73961 -0.66923 0.071109
-0.05281 0.11839 1.2594 -0.0067915 0.73961 -0.66923 0.071109
-0.05281 0.11839 1.2594 -0.0067915 0.73961 -0.66923 0.071109
-0.052743 0.11882 1.2599 -0.0068563 0.73901 -0.66984 0.071597
-0.053222 0.11892 1.2596 -0.006519 0.73902 -0.66979 0.072107
-0.053222 0.11892 1.2596 -0.006519 0.73902 -0.66979 0.072107
-0.053222 0.11892 1.2596 -0.006519 0.73902 -0.66979 0.072107
-0.052879 0.11888 1.2595 -0.0063323 0.73919 -0.66965 0.071589
-0.052694 0.11882 1.2596 -0.0066419 0.73921 -0.66968 0.071084
-0.052694 0.11882 1.2596 -0.0066419 0.73921 -0.66968 0.071084
-0.053371 0.11865 1.2594 -0.0063741 0.73934 -0.66948 0.07156
-0.053371 0.11865 1.2594 -0.0063741 0.73934 -0.66948 0.07156
-0.053371 0.11865 1.2594 -0.0063741 0.73934 -0.66948 0.07156
-0.052956 0.11893 1.2601 -0.0070187 0.73859 -0.67027 0.071953
-0.052861 0.1188 1.2594 -0.006826 0.73944 -0.66938 0.07145
-0.052861 0.1188 1.2594 -0.006826 0.73944 -0.66938 0.07145
-0.052861 0.1188 1.2594 -0.006826 0.73944 -0.66938 0.07145
-0.052861 0.1188 1.2594 -0.006826 0.73944 -0.66938 0.07145
-0.053146 0.11868 1.2596 -0.0061921 0.73914 -0.66968 0.071886
-0.052786 0.11818 1.2596 -0.0063957 0.73961 -0.66916 0.071849
-0.05277 0.11949 1.2601 -0.006548 0.73839 -0.67054 0.071505
-0.05277 0.11949 1.2601 -0.006548 0.73839 -0.67054 0.071505
-0.05277 0.11949 1.2601 -0.006548 0.73839 -0.67054 0.071505
-0.052917 0.11835 1.2596 -0.0062198 0.73969 -0.66914 0.07119
-0.052417 0.11853 1.2597 -0.0077159 0.7393 -0.66953 0.071364
-0.052809 0.11864 1.2598 -0.0067471 0.73931 -0.66953 0.071511
-0.052809 0.11864 1.2598 -0.0067471 0.73931 -0.66953 0.071511
-0.053231 0.11839 1.2594 -0.006919 0.73975 -0.66902 0.071642
-0.052535 0.1182 1.2588 -0.0072516 0.74037 -0.66835 0.071484
-0.052535 0.1182 1.2588 -0.0072516 0.74037 -0.66835 0.071484
-0.053234 0.11867 1.2602 -0.0060332 0.7386 -0.67034 0.071194
-0.053234 0.11867 1.2602 -0.0060332 0.7386 -0.67034 0.071194
-0.053234 0.11867 1.2602 -0.0060332 0.7386 -0.67034 0.071194
-0.051988 0.11924 1.26 -0.0079827 0.7388 -0.67011 0.071214
-0.053207 0.11813 1.2593 -0.0066751 0.73981 -0.66897 0.071567
-0.053207 0.11813 1.2593 -0.0066751 0.73981 -0.66897 0.071567
-0.053207 0.11813 1.2593 -0.0066751 0.73981 -0.66897 0.071567
-0.053207 0.11813 1.2593 -0.0066751 0.73981 -0.66897 0.071567
-0.05238 0.11927 1.2595 -0.0072949 0.73893 -0.66992 0.071671
-0.052873 0.1187 1.2595 -0.0064647 0.73932 -0.66952 0.071457
-0.052873 0.1187 1.2595 -0.0064647 0.73932 -0.66952 0.071457
-0.052873 0.1187 1.2595 -0.0064647 0.73932 -0.66952 0.071457
-0.052787 0.11871 1.2595 -0.0062241 0.73937 -0.66948 0.071298
-0.052469 0.11872 1.2595 -0.0069817 0.73936 -0.66945 0.071675
-0.052469 0.11872 1.2595 -0.0069817 0.73936 -0.66945 0.071675
-0.052586 0.11848 1.2595 -0.0072738 0.7394 -0.66936 0.072068
-0.052586 0.11848 1.2595 -0.0072738 0.7394 -0.66936 0.072068
-0.052586 0.11848 1.2595 -0.0072738 0.7394 -0.66936 0.072068
-0.052809 0.11863 1.2598 -0.0072099 0.73909 -0.66972 0.071907
-0.052809 0.11863 1.2598 -0.0072099 0.73909 -0.66972 0.071907
-0.053265 0.1179 1.2595 -0.0066401 0.73966 -0.66914 0.07148
-0.053265 0.1179 1.2595 -0.0066401 0.73966 -0.66914 0.07148
-0.053265 0.1179 1.2595 -0.0066401 0.73966 -0.66914 0.07148
-0.053589 0.11821 1.2597 -0.0068695 0.73929 -0.66952 0.071771
-0.053021 0.11847 1.2595 -0.006312 0.73949 -0.66932 0.071596
-0.053021 0.11847 1.2595 -0.006312 0.73949 -0.66932 0.071596
-0.053021 0.11847 1.2595 -0.006312 0.73949 -0.66932 0.071596
-0.053021 0.11847 1.2595 -0.006312 0.73949 -0.66932 0.071596
-0.052666 0.11916 1.26 -0.0067753 0.73874 -0.6702 0.071126
-0.052997 0.11885 1.2594 -0.0065158 0.73935 -0.66948 0.071507
-0.052601 0.11838 1.2597 -0.007052 0.73938 -0.6694 0.071949
-0.052601 0.11838 1.2597 -0.007052 0.73938 -0.6694 0.071949
-0.052815 0.11854 1.2596 -0.0067977 0.73951 -0.66936 0.070923
-0.053097 0.11897 1.2595 -0.0066644 0.73933 -0.66946 0.071897
-0.05312 0.11854 1.2593 -0.0061874 0.73952 -0.66929 0.071556
-0.052859 0.11792 1.2598 -0.0067678 0.73955 -0.66927 0.071494
-0.052859 0.11792 1.2598 -0.0067678 0.73955 -0.66927 0.071494
-0.052859 0.11792 1.2598 -0.0067678 0.73955 -0.66927 0.071494
-0.053178 0.11846 1.2597 -0.0066666 0.73934 -0.66947 0.071736
-0.052818 0.11872 1.2598 -0.005993 0.73923 -0.66966 0.071107
-0.052818 0.11872 1.2598 -0.005993 0.73923 -0.66966 0.071107
-0.052818 0.11872 1.2598 -0.005993 0.73923 -0.66966 0.071107
-0.052818 0.11872 1.2598 -0.005993 0.73923 -0.66966 0.071107
-0.05276 0.11893 1.2596 -0.006775 0.73917 -0.6697 0.071333
-0.052777 0.11895 1.2598 -0.0069496 0.73903 -0.66988 0.071039
-0.052777 0.11895 1.2598 -0.0069496 0.73903 -0.66988 0.071039
-0.052777 0.11895 1.2598 -0.0069496 0.73903 -0.66988 0.071039
-0.052777 0.11895 1.2598 -0.0069496 0.73903 -0.66988 0.071039
-0.05336 0.11883 1.2598 -0.0064348 0.739 -0.66995 0.070667
-0.053303 0.11871 1.2597 -0.0060623 0.73917 -0.66974 0.070965
-0.052462 0.11932 1.2598 -0.0073235 0.73894 -0.66998 0.071008
-0.052462 0.11932 1.2598 -0.0073235 0.73894 -0.66998 0.071008
-0.053502 0.11907 1.2598 -0.0058508 0.73879 -0.67016 0.070984
-0.053128 0.11872 1.2598 -0.0066915 0.73923 -0.66963 0.071368
-0.053542 0.1187 1.2598 -0.0064348 0.739 -0.66984 0.071694
-0.053081 0.11959 1.2599 -0.0058099 0.73846 -0.67048 0.071394
-0.053081 0.11959 1.2599 -0.0058099 0.73846 -0.67048 0.071394
-0.053081 0.11959 1.2599 -0.0058099 0.73846 -0.67048 0.071394
-0.053076 0.11926 1.2599 -0.0068191 0.73867 -0.67023 0.071462
-0.053322 0.11881 1.26 -0.0066547 0.73895 -0.66996 0.071163
-0.053322 0.11881 1.26 -0.0066547 0.73895 -0.66996 0.071163
-0.053322 0.11881 1.26 -0.0066547 0.73895 -0.66996 0.071163
-0.053322 0.11881 1.26 -0.0066547 0.73895 -0.66996 0.071163
-0.053338 0.11874 1.26 -0.006436 0.73889 -0.67002 0.071233
-0.053106 0.11843 1.2597 -0.0068334 0.73947 -0.66937 0.071308
-0.053315 0.11801 1.2601 -0.0068599 0.7393 -0.66953 0.071616
-0.053315 0.11801 1.2601 -0.0068599 0.7393 -0.66953 0.071616
-0.053315 0.11801 1.2601 -0.0068599 0.7393 -0.66953 0.071616
-0.052907 0.11932 1.2598 -0.0064801 0.73885 -0.67007 0.071207
-0.052907 0.11932 1.2598 -0.0064801 0.73885 -0.67007 0.071207
-0.053375 0.11891 1.2598 -0.0062463 0.73898 -0.66994 0.071123
-0.053375 0.11891 1.2598 -0.0062463 0.73898 -0.66994 0.071123
-0.052324 0.11818 1.26 -0.0073285 0.73928 -0.66955 0.071536
-0.052825 0.11904 1.2597 -0.0067664 0.73912 -0.66971 0.071709
-0.052737 0.11852 1.2598 -0.0069563 0.73942 -0.66946 0.070989
-0.053286 0.1192 1.2602 -0.0061432 0.73853 -0.67046 0.070836
-0.053286 0.1192 1.2602 -0.0061432 0.73853 -0.67046 0.070836
-0.053286 0.1192 1.2602 -0.0061432 0.73853 -0.67046 0.070836
-0.052677 0.11911 1.2599 -0.0073457 0.73904 -0.66983 0.071301
-0.052743 0.11939 1.26 -0.0073852 0.73861 -0.67034 0.07109
-0.052743 0.11939 1.26 -0.0073852 0.73861 -0.67034 0.07109
-0.052743 0.11939 1.26 -0.0073852 0.73861 -0.67034 0.07109
-0.052743 0.11939 1.26 -0.0073852 0.73861 -0.67034 0.07109
-0.053267 0.11891 1.2602 -0.0066033 0.73867 -0.67026 0.071302
-0.052794 0.11853 1.2603 -0.0066406 0.73893 -0.67005 0.070475
-0.052794 0.11853 1.2603 -0.0066406 0.73893 -0.67005 0.070475
-0.052794 0.11853 1.2603 -0.0066406 0.73893 -0.67005 0.070475
-0.052794 0.11853 1.2603 -0.0066406 0.73893 -0.67005 0.070475
-0.053599 0.11862 1.2593 -0.0059864 0.73966 -0.66912 0.071749
-0.053105 0.11837 1.2598 -0.0059232 0.73926 -0.66956 0.071713
-0.052867 0.11836 1.2595 -0.0069074 0.73954 -0.66921 0.072039
-0.052867 0.11836 1.2595 -0.0069074 0.73954 -0.66921 0.072039
-0.053437 0.11901 1.2601 -0.0061327 0.73878 -0.67017 0.071037
-0.05296 0.11886 1.2596 -0.0069148 0.73921 -0.66964 0.071475
-0.053105 0.11918 1.2599 -0.0064189 0.73868 -0.67027 0.071112
-0.052625 0.11908 1.2599 -0.0067829 0.73857 -0.67035 0.071456
-0.052625 0.11908 1.2599 -0.0067829 0.73857 -0.67035 0.071456
-0.052625 0.11908 1.2599 -0.0067829 0.73857 -0.67035 0.071456
-0.052554 0.12 1.2594 -0.0061962 0.73791 -0.67111 0.071084
-0.053342 0.11999 1.2593 -0.0064183 0.73803 -0.671 0.070919
-0.053342 0.11999 1.2593 -0.0064183 0.73803 -0.671 0.070919
-0.053342 0.11999 1.2593 -0.0064183 0.73803 -0.671 0.070919
-0.053342 0.11999 1.2593 -0.0064183 0.73803 -0.671 0.070919
-0.052994 0.11937 1.2581 -0.0058905 0.73848 -0.67046 0.071327
-0.052765 0.11897 1.2577 -0.0059914 0.73887 -0.67001 0.071578
-0.05347 0.11897 1.2575 -0.0056157 0.73863 -0.67034 0.070952
-0.05347 0.11897 1.2575 -0.0056157 0.73863 -0.67034 0.070952
-0.05347 0.11897 1.2575 -0.0056157 0.73863 -0.67034 0.070952
-0.052922 0.11899 1.2564 -0.0068943 0.73868 -0.67029 0.070794
-0.052851 0.11891 1.256 -0.0060237 0.73881 -0.67018 0.070593
-0.052649 0.11945 1.2555 -0.0066006 0.73862 -0.67038 0.070666
-0.052649 0.11945 1.2555 -0.0066006 0.73862 -0.67038 0.070666
-0.053045 0.11939 1.2544 -0.0058988 0.73857 -0.67034 0.071545
-0.052211 0.11899 1.2538 -0.0071552 0.73869 -0.67026 0.071026
-0.052211 0.11899 1.2538 -0.0071552 0.73869 -0.67026 0.071026
-0.052186 0.11904 1.2534 -0.0070431 0.73847 -0.67048 0.07121
-0.052186 0.11904 1.2534 -0.0070431 0.73847 -0.67048 0.07121
-0.052186 0.11904 1.2534 -0.0070431 0.73847 -0.67048 0.07121
-0.052668 0.11887 1.2508 -0.0064113 0.73877 -0.67011 0.071534
-0.052073 0.11814 1.2502 -0.0072969 0.7394 -0.66945 0.071218
-0.052073 0.11814 1.2502 -0.0072969 0.7394 -0.66945 0.071218
-0.052073 0.11814 1.2502 -0.0072969 0.7394 -0.66945 0.071218
-0.052073 0.11814 1.2502 -0.0072969 0.7394 -0.66945 0.071218
-0.051523 0.11866 1.2482 -0.0078665 0.73911 -0.66981 0.07076
-0.052013 0.11838 1.2474 -0.007761 0.73916 -0.66968 0.07147
-0.051345 0.11876 1.2462 -0.0080722 0.73933 -0.66951 0.071278
-0.051345 0.11876 1.2462 -0.0080722 0.73933 -0.66951 0.071278
-0.051345 0.11876 1.2462 -0.0080722 0.73933 -0.66951 0.071278
-0.051226 0.11822 1.243 -0.0080418 0.74004 -0.66876 0.071019
-0.051226 0.11822 1.243 -0.0080418 0.74004 -0.66876 0.071019
-0.051163 0.11809 1.2429 -0.0086296 0.73931 -0.66955 0.07104
-0.051163 0.11809 1.2429 -0.0086296 0.73931 -0.66955 0.07104
-0.051131 0.1185 1.2403 -0.009357 0.73949 -0.66932 0.071211
-0.051361 0.11805 1.2387 -0.0077253 0.73962 -0.66915 0.071704
-0.051361 0.11805 1.2387 -0.0077253 0.73962 -0.66915 0.071704
-0.051693 0.11859 1.2383 -0.00794 0.73861 -0.67032 0.071186
-0.051693 0.11859 1.2383 -0.00794 0.73861 -0.67032 0.071186
-0.051693 0.11859 1.2383 -0.00794 0.73861 -0.67032 0.071186
-0.051534 0.11767 1.2345 -0.0077896 0.73974 -0.66905 0.071303
-0.052096 0.11864 1.2322 -0.0064843 0.73931 -0.66956 0.07122
-0.052096 0.11864 1.2322 -0.0064843 0.73931 -0.66956 0.07122
-0.052096 0.11864 1.2322 -0.0064843 0.73931 -0.66956 0.07122
-0.052096 0.11864 1.2322 -0.0064843 0.73931 -0.66956 0.07122
-0.052045 0.11849 1.2297 -0.0077518 0.73844 -0.6705 0.071235
-0.05207 0.11872 1.2278 -0.0074068 0.73915 -0.66969 0.071585
-0.051805 0.11877 1.2277 -0.0071722 0.73839 -0.67064 0.070435
-0.051805 0.11877 1.2277 -0.0071722 0.73839 -0.67064 0.070435
-0.05215 0.11873 1.2244 -0.0069092 0.7393 -0.66959 0.070967
-0.051976 0.11844 1.2239 -0.0068946 0.7389 -0.67004 0.0709
-0.051537 0.11875 1.2231 -0.0082048 0.73846 -0.67058 0.070249
-0.052935 0.11901 1.2217 -0.0061094 0.73856 -0.67041 0.071012
-0.052935 0.11901 1.2217 -0.0061094 0.73856 -0.67041 0.071012
-0.052026 0.11907 1.2201 -0.007554 0.73829 -0.67072 0.070741
-0.051729 0.11942 1.2181 -0.0076645 0.73813 -0.67081 0.071466
-0.051672 0.11833 1.2169 -0.0074123 0.73919 -0.66966 0.071389
-0.051672 0.11833 1.2169 -0.0074123 0.73919 -0.66966 0.071389
-0.051672 0.11833 1.2169 -0.0074123 0.73919 -0.66966 0.071389
-0.051672 0.11833 1.2169 -0.0074123 0.73919 -0.66966 0.071389
-0.051175 0.11864 1.2144 -0.0083807 0.73908 -0.66979 0.071196
-0.050946 0.11797 1.2138 -0.0088664 0.73911 -0.66979 0.070844
-0.051904 0.11796 1.2129 -0.0077364 0.73918 -0.6697 0.071064
-0.051904 0.11796 1.2129 -0.0077364 0.73918 -0.6697 0.071064
-0.051904 0.11796 1.2129 -0.0077364 0.73918 -0.6697 0.071064
-0.05166 0.11894 1.2103 -0.0074164 0.73887 -0.67004 0.071159
-0.052074 0.11842 1.2094 -0.0068939 0.73921 -0.66961 0.071685
-0.051743 0.11845 1.2093 -0.0076536 0.73888 -0.67005 0.070913
-0.051743 0.11845 1.2093 -0.0076536 0.73888 -0.67005 0.070913
-0.05193 0.11798 1.2076 -0.0070459 0.73959 -0.66928 0.070906
-0.051377 0.11827 1.2071 -0.0070322 0.73921 -0.66963 0.071535
-0.051268 0.11833 1.2072 -0.0081284 0.73851 -0.67044 0.071057
-0.051555 0.1179 1.2062 -0.007432 0.73905 -0.66982 0.071325
-0.051555 0.1179 1.2062 -0.007432 0.73905 -0.66982 0.071325
-0.051555 0.1179 1.2062 -0.007432 0.73905 -0.66982 0.071325
-0.051249 0.11869 1.2047 -0.0087652 0.7384 -0.67054 0.07123
-0.051485 0.11789 1.2041 -0.0075615 0.73859 -0.67033 0.071279
-0.051485 0.11789 1.2041 -0.0075615 0.73859 -0.67033 0.071279
-0.051485 0.11789 1.2041 -0.0075615 0.73859 -0.67033 0.071279
-0.051485 0.11789 1.2041 -0.0075615 0.73859 -0.67033 0.071279
-0.051069 0.11711 1.2021 -0.007114 0.73967 -0.66914 0.071342
-0.051739 0.11808 1.2023 -0.0076029 0.73862 -0.67027 0.071552
-0.051416 0.11761 1.202 -0.0074212 0.73885 -0.67008 0.070964
-0.051416 0.11761 1.202 -0.0074212 0.73885 -0.67008 0.070964
-0.051416 0.11761 1.202 -0.0074212 0.73885 -0.67008 0.070964
-0.051015 0.11778 1.2011 -0.0079462 0.73887 -0.67004 0.071125
-0.050993 0.11776 1.2007 -0.0079296 0.7388 -0.67004 0.071854
-0.05126 0.1178 1.2006 -0.0077469 0.7387 -0.67016 0.071706
-0.05126 0.1178 1.2006 -0.0077469 0.7387 -0.67016 0.071706
-0.051075 0.11794 1.2003 -0.0083384 0.7386 -0.67038 0.07067
-0.050995 0.11734 1.1999 -0.0073818 0.73912 -0.66969 0.071842
-0.050995 0.11734 1.1999 -0.0073818 0.73912 -0.66969 0.071842
-0.051039 0.11786 1.1992 -0.0076246 0.73902 -0.66981 0.071661
-0.051039 0.11786 1.1992 -0.0076246 0.73902 -0.66981 0.071661
-0.051039 0.11786 1.1992 -0.0076246 0.73902 -0.66981 0.071661
-0.050729 0.11838 1.1996 -0.0083051 0.73826 -0.67059 0.072215
-0.050348 0.11815 1.1997 -0.0078693 0.73849 -0.67035 0.072144
-0.050348 0.11815 1.1997 -0.0078693 0.73849 -0.67035 0.072144
-0.050348 0.11815 1.1997 -0.0078693 0.73849 -0.67035 0.072144
-0.050348 0.11815 1.1997 -0.0078693 0.73849 -0.67035 0.072144
-0.050689 0.11826 1.1995 -0.0083767 0.73844 -0.67051 0.071081
-0.050915 0.11845 1.2001 -0.0081371 0.73779 -0.67123 0.071001
-0.050816 0.11811 1.1994 -0.0079932 0.73847 -0.67045 0.071339
-0.050816 0.11811 1.1994 -0.0079932 0.73847 -0.67045 0.071339
-0.050816 0.11811 1.1994 -0.0079932 0.73847 -0.67045 0.071339
-0.050923 0.11781 1.1997 -0.0081086 0.73832 -0.67057 0.071696
-0.051287 0.11821 1.1997 -0.0073201 0.73837 -0.67061 0.070994
-0.050977 0.11863 1.1997 -0.0074014 0.7382 -0.67087 0.070306
-0.050977 0.11863 1.1997 -0.0074014 0.7382 -0.67087 0.070306
-0.051236 0.11767 1.1996 -0.0073757 0.7388 -0.67004 0.071908
-0.050131 0.11831 1.1996 -0.0096536 0.73836 -0.67053 0.071529
-0.050131 0.11831 1.1996 -0.0096536 0.73836 -0.67053 0.071529
-0.050349 0.11858 1.1997 -0.0088148 0.73791 -0.67109 0.071034
-0.050349 0.11858 1.1997 -0.0088148 0.73791 -0.67109 0.071034
-0.050349 0.11858 1.1997 -0.0088148 0.73791 -0.67109 0.071034
-0.050972 0.11806 1.1995 -0.008024 0.73862 -0.67032 0.070963
-0.051121 0.11799 1.1989 -0.0077866 0.73912 -0.66969 0.071832
-0.051121 0.11799 1.1989 -0.0077866 0.73912 -0.66969 0.071832
-0.051121 0.11799 1.1989 -0.0077866 0.73912 -0.66969 0.071832
-0.051238 0.11839 1.1997 -0.0074444 0.73805 -0.67091 0.071402
-0.051265 0.11859 1.1996 -0.008038 0.73802 -0.67092 0.071627
-0.051356 0.11816 1.1997 -0.0077719 0.7383 -0.67069 0.070953
-0.050658 0.11813 1.1989 -0.0089068 0.73868 -0.67016 0.071751
-0.050658 0.11813 1.1989 -0.0089068 0.73868 -0.67016 0.071751
-0.051817 0.11778 1.1995 -0.0067103 0.73843 -0.67059 0.070645
-0.051361 0.11768 1.1988 -0.0074144 0.73894 -0.66996 0.071251
-0.050959 0.11755 1.1986 -0.0084338 0.73873 -0.6702 0.070955
-0.051451 0.11747 1.1981 -0.0075499 0.73908 -0.66983 0.070944
-0.051451 0.11747 1.1981 -0.0075499 0.73908 -0.66983 0.070944
-0.051677 0.11708 1.1978 -0.0067918 0.73914 -0.66973 0.071361
-0.052034 0.11701 1.1969 -0.0071488 0.73924 -0.66965 0.071001
-0.052034 0.11701 1.1969 -0.0071488 0.73924 -0.66965 0.071001
-0.051885 0.11656 1.1966 -0.0072644 0.73958 -0.66921 0.071563
-0.051885 0.11656 1.1966 -0.0072644 0.73958 -0.66921 0.071563
-0.051885 0.11656 1.1966 -0.0072644 0.73958 -0.66921 0.071563
-0.051764 0.11644 1.1951 -0.0073604 0.73981 -0.66903 0.070849
-0.051312 0.11665 1.1948 -0.0070932 0.73953 -0.66935 0.070869
-0.051399 0.11682 1.1941 -0.00717 0.73969 -0.66914 0.07108
-0.051399 0.11682 1.1941 -0.00717 0.73969 -0.66914 0.07108
-0.051399 0.11682 1.1941 -0.00717 0.73969 -0.66914 0.07108
-0.051063 0.11731 1.1932 -0.0084225 0.73859 -0.67031 0.071434
-0.051548 0.11698 1.1929 -0.0080884 0.73856 -0.6704 0.07085
-0.051174 0.11706 1.1914 -0.0078805 0.73934 -0.66955 0.070807
-0.051174 0.11706 1.1914 -0.0078805 0.73934 -0.66955 0.070807
-0.05189 0.11705 1.1895 -0.0073823 0.73933 -0.66949 0.071552
-0.05129 0.11702 1.189 -0.0074511 0.73915 -0.66966 0.071803
-0.051383 0.1171 1.1888 -0.0074468 0.73873 -0.67028 0.070285
-0.051232 0.11767 1.1876 -0.0076889 0.73895 -0.67 0.070668
-0.051232 0.11767 1.1876 -0.0076889 0.73895 -0.67 0.070668
-0.051232 0.11767 1.1876 -0.0076889 0.73895 -0.67 0.070668
-0.051142 0.1173 1.1846 -0.0070418 0.73912 -0.66975 0.071313
-0.051142 0.1173 1.1846 -0.0070418 0.73912 -0.66975 0.071313
-0.051169 0.11748 1.1842 -0.0078038 0.73867 -0.67022 0.071484
-0.051169 0.11748 1.1842 -0.0078038 0.73867 -0.67022 0.071484
-0.051169 0.11748 1.1842 -0.0078038 0.73867 -0.67022 0.071484
-0.050071 0.11782 1.1828 -0.0087081 0.7384 -0.67064 0.070293
-0.051108 0.1172 1.1811 -0.0080594 0.73923 -0.66963 0.071159
-0.051108 0.1172 1.1811 -0.0080594 0.73923 -0.66963 0.071159
-0.051108 0.1172 1.1811 -0.0080594 0.73923 -0.66963 0.071159
-0.051299 0.11736 1.1801 -0.0082234 0.73919 -0.66974 0.070617
-0.051331 0.11707 1.1796 -0.0071975 0.7393 -0.6695 0.071791
-0.051181 0.11743 1.1793 -0.0070244 0.73919 -0.66971 0.070904
-0.051582 0.11771 1.1791 -0.0070619 0.73855 -0.67036 0.071559
-0.051582 0.11771 1.1791 -0.0070619 0.73855 -0.67036 0.071559
-0.051448 0.11757 1.1787 -0.0074749 0.73835 -0.67063 0.071001
-0.050678 0.11739 1.178 -0.0085547 0.73902 -0.66984 0.071415
-0.051021 0.1172 1.178 -0.0077253 0.73899 -0.66992 0.071007
-0.051113 0.11742 1.1775 -0.0081961 0.73885 -0.67001 0.071549
-0.051113 0.11742 1.1775 -0.0081961 0.73885 -0.67001 0.071549
-0.051002 0.11763 1.1771 -0.0080177 0.73869 -0.67028 0.070763
-0.05093 0.11797 1.1769 -0.0079916 0.73824 -0.67062 0.072124
-0.050048 0.11721 1.1767 -0.00891 0.73878 -0.67002 0.072059
-0.050048 0.11721 1.1767 -0.00891 0.73878 -0.67002 0.072059
-0.050048 0.11721 1.1767 -0.00891 0.73878 -0.67002 0.072059
-0.050048 0.11721 1.1767 -0.00891 0.73878 -0.67002 0.072059
-0.050862 0.11764 1.1766 -0.0083087 0.7384 -0.67047 0.071869
-0.05043 0.11774 1.1767 -0.0086084 0.73864 -0.67029 0.071042
-0.050785 0.11748 1.1765 -0.0083939 0.73872 -0.67014 0.071709
-0.050785 0.11748 1.1765 -0.0083939 0.73872 -0.67014 0.071709
-0.050785 0.11748 1.1765 -0.0083939 0.73872 -0.67014 0.071709
-0.050848 0.11752 1.1765 -0.0077894 0.73866 -0.67024 0.071407
-0.050043 0.11746 1.1769 -0.0086157 0.7385 -0.67037 0.071716
-0.050519 0.11767 1.1766 -0.0082897 0.73856 -0.6704 0.070844
-0.050519 0.11767 1.1766 -0.0082897 0.73856 -0.6704 0.070844
-0.050774 0.11821 1.1766 -0.0078497 0.73816 -0.67072 0.072049
-0.050603 0.11773 1.1761 -0.0085619 0.73881 -0.67005 0.071609
-0.050725 0.11715 1.1764 -0.0076499 0.73916 -0.66972 0.071086
-0.050725 0.11715 1.1764 -0.0076499 0.73916 -0.66972 0.071086
-0.050725 0.11715 1.1764 -0.0076499 0.73916 -0.66972 0.071086
-0.050725 0.11715 1.1764 -0.0076499 0.73916 -0.66972 0.071086
-0.050682 0.11792 1.1766 -0.0078895 0.73843 -0.6705 0.071406
-0.050567 0.11799 1.1767 -0.0088517 0.73837 -0.67052 0.071685
-0.050567 0.11799 1.1767 -0.0088517 0.73837 -0.67052 0.071685
-0.050567 0.11799 1.1767 -0.0088517 0.73837 -0.67052 0.071685
-0.050567 0.11799 1.1767 -0.0088517 0.73837 -0.67052 0.071685
-0.050816 0.11758 1.1766 -0.0085151 0.7386 -0.67028 0.071502
-0.050749 0.11803 1.1763 -0.0079373 0.73838 -0.67054 0.071506
-0.050498 0.11797 1.1769 -0.0082795 0.73814 -0.67085 0.070983
-0.050498 0.11797 1.1769 -0.0082795 0.73814 -0.67085 0.070983
-0.050498 0.11797 1.1769 -0.0082795 0.73814 -0.67085 0.070983
-0.051137 0.11761 1.1768 -0.0073159 0.73836 -0.67055 0.071638
-0.050387 0.117 1.1766 -0.0084208 0.73887 -0.66997 0.071698
-0.050953 0.11752 1.1767 -0.008082 0.73853 -0.67039 0.071375
-0.050953 0.11752 1.1767 -0.008082 0.73853 -0.67039 0.071375
-0.050719 0.11751 1.1761 -0.0080546 0.73892 -0.66992 0.071734
-0.050787 0.11818 1.1769 -0.0087245 0.73815 -0.67089 0.070444
-0.050787 0.11818 1.1769 -0.0087245 0.73815 -0.67089 0.070444
-0.050639 0.11747 1.1767 -0.0079036 0.73864 -0.67025 0.071505
-0.050639 0.11747 1.1767 -0.0079036 0.73864 -0.67025 0.071505
-0.050639 0.11747 1.1767 -0.0079036 0.73864 -0.67025 0.071505
-0.050797 0.11752 1.1763 -0.0081846 0.73889 -0.66997 0.071499
-0.050626 0.11733 1.1767 -0.0081421 0.73862 -0.67018 0.072309
-0.050626 0.11733 1.1767 -0.0081421 0.73862 -0.67018 0.072309
-0.050626 0.11733 1.1767 -0.0081421 0.73862 -0.67018 0.072309
-0.050626 0.11733 1.1767 -0.0081421 0.73862 -0.67018 0.072309
-0.050619 0.11783 1.1768 -0.0086364 0.73838 -0.67049 0.071774
-0.050358 0.11691 1.1764 -0.0088516 0.73937 -0.66939 0.071994
-0.050799 0.11719 1.1762 -0.0080749 0.73911 -0.6697 0.071758
-0.050799 0.11719 1.1762 -0.0080749 0.73911 -0.6697 0.071758
-0.050799 0.11719 1.1762 -0.0080749 0.73911 -0.6697 0.071758
-0.050967 0.11713 1.1764 -0.007603 0.73901 -0.66983 0.071583
-0.050769 0.11736 1.1767 -0.0080572 0.73849 -0.67037 0.071963
-0.050783 0.11773 1.1764 -0.0088991 0.73876 -0.67007 0.071774
-0.050783 0.11773 1.1764 -0.0088991 0.73876 -0.67007 0.071774
-0.050979 0.11778 1.1768 -0.007938 0.73829 -0.67065 0.071419
-0.050578 0.1177 1.177 -0.0085268 0.73821 -0.67066 0.072017
-0.050578 0.1177 1.177 -0.0085268 0.73821 -0.67066 0.072017
-0.050648 0.11738 1.1764 -0.0082542 0.73878 -0.67002 0.072171
-0.050648 0.11738 1.1764 -0.0082542 0.73878 -0.67002 0.072171
-0.050648 0.11738 1.1764 -0.0082542 0.73878 -0.67002 0.072171
-0.050453 0.11756 1.1765 -0.0078737 0.73887 -0.67003 0.071212
-0.050772 0.11776 1.1764 -0.0086275 0.73858 -0.67027 0.071871
-0.050772 0.11776 1.1764 -0.0086275 0.73858 -0.67027 0.071871
-0.050772 0.11776 1.1764 -0.0086275 0.73858 -0.67027 0.071871
-0.050772 0.11776 1.1764 -0.0086275 0.73858 -0.67027 0.071871
-0.051138 0.11741 1.1764 -0.0081261 0.7389 -0.67 0.071126
-0.051198 0.11777 1.1767 -0.0074959 0.73808 -0.6708 0.072116
-0.050607 0.11793 1.1767 -0.0087803 0.7381 -0.6708 0.07177
-0.050607 0.11793 1.1767 -0.0087803 0.7381 -0.6708 0.07177
-0.050607 0.11793 1.1767 -0.0087803 0.7381 -0.6708 0.07177
-0.050344 0.11764 1.1768 -0.0083574 0.73847 -0.67047 0.071155
-0.05092 0.11774 1.1766 -0.008495 0.73841 -0.67055 0.070937
-0.050626 0.11683 1.1765 -0.0079848 0.73917 -0.66963 0.071765
-0.050626 0.11683 1.1765 -0.0079848 0.73917 -0.66963 0.071765
-0.050648 0.11748 1.1766 -0.0085082 0.73862 -0.67029 0.07132
-0.050682 0.11741 1.1764 -0.0084907 0.7387 -0.67011 0.072127
-0.050682 0.11741 1.1764 -0.0084907 0.7387 -0.67011 0.072127
-0.050416 0.11719 1.1768 -0.0085689 0.73872 -0.67019 0.0712
-0.050416 0.11719 1.1768 -0.0085689 0.73872 -0.67019 0.0712
-0.050416 0.11719 1.1768 -0.0085689 0.73872 -0.67019 0.0712
-0.051024 0.11739 1.1764 -0.0078931 0.73881 -0.67003 0.071758
-0.050631 0.1175 1.1764 -0.00829 0.73878 -0.67002 0.072139
-0.050631 0.1175 1.1764 -0.00829 0.73878 -0.67002 0.072139
-0.050631 0.1175 1.1764 -0.00829 0.73878 -0.67002 0.072139
-0.050631 0.1175 1.1764 -0.00829 0.73878 -0.67002 0.072139
-0.051106 0.11729 1.1765 -0.0083383 0.7387 -0.67018 0.071441
-0.051155 0.11764 1.1768 -0.008277 0.73837 -0.67061 0.070949
-0.051095 0.11748 1.1766 -0.0073036 0.73891 -0.66998 0.071325
-0.051095 0.11748 1.1766 -0.0073036 0.73891 -0.66998 0.071325
-0.051095 0.11748 1.1766 -0.0073036 0.73891 -0.66998 0.071325
-0.050616 0.11678 1.1761 -0.0084009 0.73944 -0.66937 0.071449
-0.051176 0.11727 1.1766 -0.0081116 0.73865 -0.67022 0.07171
-0.050667 0.11778 1.1766 -0.0089274 0.73856 -0.67034 0.071294
-0.050667 0.11778 1.1766 -0.0089274 0.73856 -0.67034 0.071294
-0.050667 0.11778 1.1766 -0.0089274 0.73856 -0.67034 0.071294
-0.050877 0.11779 1.1767 -0.0077314 0.7383 -0.67067 0.07102
-0.050877 0.11779 1.1767 -0.0077314 0.7383 -0.67067 0.07102
-0.051143 0.11784 1.1764 -0.0080648 0.73869 -0.67017 0.071726
-0.051143 0.11784 1.1764 -0.0080648 0.73869 -0.67017 0.071726
-0.05044 0.11793 1.1768 -0.0084111 0.73827 -0.67072 0.070887
-0.050798 0.11714 1.1769 -0.0087272 0.73875 -0.67014 0.071228
-0.051016 0.11744 1.1765 -0.0079903 0.7385 -0.67044 0.071166
-0.050723 0.11773 1.1767 -0.0081168 0.73857 -0.67037 0.071083
-0.050723 0.11773 1.1767 -0.0081168 0.73857 -0.67037 0.071083
-0.050723 0.11773 1.1767 -0.0081168 0.73857 -0.67037 0.071083
-0.050527 0.11713 1.177 -0.0090006 0.73882 -0.6701 0.07094
-0.050527 0.11713 1.177 -0.0090006 0.73882 -0.6701 0.07094
-0.051332 0.1171 1.1764 -0.0080617 0.73914 -0.66972 0.071353
-0.051332 0.1171 1.1764 -0.0080617 0.73914 -0.66972 0.071353
-0.050854 0.11755 1.1769 -0.0083293 0.7382 -0.67072 0.07162
-0.050906 0.11737 1.1765 -0.0086012 0.73888 -0.66999 0.071345
-0.0509 0.11726 1.1768 -0.0083965 0.73857 -0.67036 0.071236
-0.050879 0.11754 1.1766 -0.0082582 0.73875 -0.67019 0.070962
-0.050879 0.11754 1.1766 -0.0082582 0.73875 -0.67019 0.070962
-0.050879 0.11754 1.1766 -0.0082582 0.73875 -0.67019 0.070962
-0.050754 0.11706 1.1765 -0.0083401 0.7391 -0.66974 0.07147
-0.050767 0.1173 1.1767 -0.0076033 0.73873 -0.67015 0.071515
-0.050767 0.1173 1.1767 -0.0076033 0.73873 -0.67015 0.071515
-0.050767 0.1173 1.1767 -0.0076033 0.73873 -0.67015 0.071515
-0.051062 0.11769 1.1767 -0.008333 0.73848 -0.6705 0.070738
-0.050941 0.11779 1.1764 -0.0080406 0.73857 -0.67034 0.071313
-0.050799 0.11719 1.1762 -0.0077914 0.73912 -0.66967 0.072015
-0.050799 0.11719 1.1762 -0.0077914 0.73912 -0.66967 0.072015
-0.050799 0.11719 1.1762 -0.0077914 0.73912 -0.66967 0.072015
-0.050799 0.11719 1.1762 -0.0077914 0.73912 -0.66967 0.072015
-0.050947 0.11759 1.1767 -0.0081646 0.7386 -0.6703 0.071387
-0.050947 0.11759 1.1767 -0.0081646 0.7386 -0.6703 0.071387
-0.050931 0.11646 1.1766 -0.0077499 0.73944 -0.6694 0.071276
-0.050931 0.11646 1.1766 -0.0077499 0.73944 -0.6694 0.071276
-0.050972 0.11676 1.1769 -0.0085593 0.73902 -0.66986 0.071112
-0.050778 0.11765 1.1769 -0.0085802 0.73845 -0.67045 0.071479
-0.0504 0.11722 1.1764 -0.0087257 0.73918 -0.66967 0.071269
-0.051024 0.11673 1.1765 -0.0074342 0.73936 -0.66944 0.071696
-0.051024 0.11673 1.1765 -0.0074342 0.73936 -0.66944 0.071696
-0.051024 0.11673 1.1765 -0.0074342 0.73936 -0.66944 0.071696
-0.051093 0.11788 1.1768 -0.0076819 0.73817 -0.6708 0.071156
-0.050719 0.11688 1.1768 -0.0084667 0.73889 -0.67003 0.070868
-0.050719 0.11688 1.1768 -0.0084667 0.73889 -0.67003 0.070868
-0.050719 0.11688 1.1768 -0.0084667 0.73889 -0.67003 0.070868
-0.050719 0.11688 1.1768 -0.0084667 0.73889 -0.67003 0.070868
-0.050982 0.11728 1.1767 -0.0081023 0.73868 -0.67024 0.071167
-0.050705 0.11749 1.1768 -0.0081008 0.73854 -0.67037 0.071413
-0.050908 0.11749 1.1771 -0.0078934 0.73836 -0.67062 0.070879
-0.050908 0.11749 1.1771 -0.0078934 0.73836 -0.67062 0.070879
-0.050908 0.11749 1.1771 -0.0078934 0.73836 -0.67062 0.070879
-0.050282 0.11713 1.1769 -0.0083597 0.73901 -0.66995 0.07042
-0.051056 0.11724 1.1763 -0.0077983 0.73907 -0.66981 0.071167
-0.051056 0.11724 1.1763 -0.0077983 0.73907 -0.66981 0.071167
-0.050353 0.11701 1.1768 -0.0083034 0.73911 -0.66976 0.071154
-0.050353 0.11701 1.1768 -0.0083034 0.73911 -0.66976 0.071154
-0.050353 0.11701 1.1768 -0.0083034 0.73911 -0.66976 0.071154
-0.051193 0.11778 1.1768 -0.0077765 0.73828 -0.67073 0.070733
-0.051221 0.11772 1.1773 -0.0077854 0.73809 -0.67084 0.071664
-0.051088 0.11753 1.1769 -0.0077696 0.73837 -0.67051 0.071809
-0.051088 0.11753 1.1769 -0.0077696 0.73837 -0.67051 0.071809
-0.051088 0.11753 1.1769 -0.0077696 0.73837 -0.67051 0.071809
-0.051331 0.11667 1.1764 -0.0076066 0.73918 -0.66966 0.071412
-0.051331 0.11667 1.1764 -0.0076066 0.73918 -0.66966 0.071412
-0.051076 0.11714 1.1765 -0.0083089 0.73902 -0.66984 0.07135
-0.051076 0.11714 1.1765 -0.0083089 0.73902 -0.66984 0.07135
-0.051076 0.11714 1.1765 -0.0083089 0.73902 -0.66984 0.07135
-0.050284 0.11737 1.1767 -0.0092481 0.73862 -0.67017 0.07228
-0.050871 0.11711 1.1765 -0.0078568 0.73915 -0.66967 0.071742
-0.050871 0.11711 1.1765 -0.0078568 0.73915 -0.66967 0.071742
-0.050871 0.11711 1.1765 -0.0078568 0.73915 -0.66967 0.071742
-0.050871 0.11711 1.1765 -0.0078568 0.73915 -0.66967 0.071742
-0.050867 0.11777 1.1768 -0.0084923 0.73851 -0.67041 0.071319
-0.050478 0.11758 1.1771 -0.0084762 0.73863 -0.67027 0.071338
-0.050696 0.1177 1.1764 -0.0082572 0.73874 -0.67014 0.071502
-0.050696 0.1177 1.1764 -0.0082572 0.73874 -0.67014 0.071502
-0.050418 0.11744 1.1766 -0.0086017 0.73884 -0.67009 0.070868
-0.050838 0.11736 1.1771 -0.0084327 0.73847 -0.67047 0.071142
-0.051341 0.11715 1.1767 -0.0076107 0.73879 -0.67017 0.070701
-0.050944 0.1174 1.1767 -0.0080253 0.73863 -0.67031 0.071076
-0.050944 0.1174 1.1767 -0.0080253 0.73863 -0.67031 0.071076
-0.050944 0.1174 1.1767 -0.0080253 0.73863 -0.67031 0.071076
-0.050634 0.11738 1.1766 -0.0083558 0.73899 -0.66995 0.070589
-0.050634 0.11738 1.1766 -0.0083558 0.73899 -0.66995 0.070589
-0.05082 0.11729 1.1768 -0.0082438 0.73876 -0.67017 0.071011
-0.05082 0.11729 1.1768 -0.0082438 0.73876 -0.67017 0.071011
-0.05082 0.11729 1.1768 -0.0082438 0.73876 -0.67017 0.071011
-0.051041 0.11799 1.177 -0.0077561 0.73806 -0.6709 0.071391
-0.050904 0.11736 1.1769 -0.0090194 0.73832 -0.67062 0.07124
-0.050904 0.11736 1.1769 -0.0090194 0.73832 -0.67062 0.07124
-0.050904 0.11736 1.1769 -0.0090194 0.73832 -0.67062 0.07124
-0.050904 0.11736 1.1769 -0.0090194 0.73832 -0.67062 0.07124
-0.051149 0.11729 1.1769 -0.0089319 0.73856 -0.67037 0.071088
-0.050627 0.11716 1.1769 -0.0091153 0.7386 -0.67027 0.071636
-0.051026 0.11768 1.1769 -0.007947 0.73838 -0.67055 0.071391
-0.051026 0.11768 1.1769 -0.007947 0.73838 -0.67055 0.071391
-0.051026 0.11768 1.1769 -0.007947 0.73838 -0.67055 0.071391
-0.051204 0.11737 1.1764 -0.0077784 0.73888 -0.67006 0.070859
-0.051204 0.11737 1.1764 -0.0077784 0.73888 -0.67006 0.070859
-0.051204 0.11737 1.1764 -0.0077784 0.73888 -0.67006 0.070859
-0.050976 0.11718 1.1768 -0.0078957 0.73874 -0.67017 0.071257
-0.050896 0.1175 1.1766 -0.0077335 0.73854 -0.67037 0.071361
-0.050741 0.11767 1.1764 -0.0089656 0.73873 -0.67018 0.071116
-0.050741 0.11767 1.1764 -0.0089656 0.73873 -0.67018 0.071116
-0.050989 0.11773 1.1771 -0.008212 0.7381 -0.67088 0.071124
-0.050989 0.11773 1.1771 -0.008212 0.7381 -0.67088 0.071124
-0.050989 0.11773 1.1771 -0.008212 0.7381 -0.67088 0.071124
-0.050588 0.1175 1.1772 -0.0087446 0.7383 -0.67064 0.071178
-0.050377 0.11731 1.1768 -0.0089172 0.73866 -0.6703 0.070724
-0.050377 0.11731 1.1768 -0.0089172 0.73866 -0.6703 0.070724
-0.050377 0.11731 1.1768 -0.0089172 0.73866 -0.6703 0.070724
-0.050377 0.11731 1.1768 -0.0089172 0.73866 -0.6703 0.070724
-0.050938 0.11772 1.1765 -0.0080615 0.73851 -0.67046 0.070844
-0.050938 0.11772 1.1765 -0.0080615 0.73851 -0.67046 0.070844
-0.050333 0.11667 1.1766 -0.0084232 0.73916 -0.66973 0.070983
-0.050333 0.11667 1.1766 -0.0084232 0.73916 -0.66973 0.070983
-0.050632 0.11705 1.1768 -0.0087063 0.73915 -0.66966 0.071651
-0.051052 0.11789 1.1765 -0.008115 0.73839 -0.67052 0.071577
-0.050785 0.11716 1.1767 -0.0083697 0.73868 -0.67017 0.071756
-0.050735 0.11711 1.1766 -0.0078298 0.73905 -0.6698 0.071483
-0.050735 0.11711 1.1766 -0.0078298 0.73905 -0.6698 0.071483
-0.050735 0.11711 1.1766 -0.0078298 0.73905 -0.6698 0.071483
-0.051388 0.11756 1.177 -0.0071162 0.73837 -0.67062 0.070879
-0.050534 0.1173 1.1764 -0.0087795 0.73924 -0.66961 0.071238
-0.050618 0.11706 1.1766 -0.0085963 0.739 -0.66991 0.070954
-0.050618 0.11706 1.1766 -0.0085963 0.739 -0.66991 0.070954
-0.050618 0.11706 1.1766 -0.0085963 0.739 -0.66991 0.070954
-0.050798 0.11714 1.1769 -0.0083021 0.73876 -0.6701 0.071614
-0.050898 0.11742 1.1764 -0.0083147 0.73908 -0.6697 0.072045
-0.050583 0.1177 1.1769 -0.0086204 0.73828 -0.67069 0.071104
-0.050583 0.1177 1.1769 -0.0086204 0.73828 -0.67069 0.071104
-0.050583 0.1177 1.1769 -0.0086204 0.73828 -0.67069 0.071104
-0.050516 0.11724 1.1767 -0.0083864 0.73885 -0.67004 0.071213
-0.051099 0.11701 1.1772 -0.0079145 0.73874 -0.67023 0.070654
-0.050797 0.1172 1.1766 -0.0083021 0.73886 -0.67002 0.071418
-0.050797 0.1172 1.1766 -0.0083021 0.73886 -0.67002 0.071418
-0.051177 0.11772 1.1768 -0.0081832 0.73822 -0.67075 0.071117
-0.050634 0.1172 1.1768 -0.0087764 0.73862 -0.67027 0.07137
-0.050634 0.1172 1.1768 -0.0087764 0.73862 -0.67027 0.07137
-0.051 0.11689 1.1764 -0.0082757 0.73908 -0.66971 0.071974
-0.051 0.11689 1.1764 -0.0082757 0.73908 -0.66971 0.071974
-0.051 0.11689 1.1764 -0.0082757 0.73908 -0.66971 0.071974
-0.050663 0.11745 1.1765 -0.008449 0.73888 -0.67007 0.070697
-0.051006 0.11786 1.1767 -0.0073723 0.73822 -0.67076 0.071189
-0.051006 0.11786 1.1767 -0.0073723 0.73822 -0.67076 0.071189
-0.051006 0.11786 1.1767 -0.0073723 0.73822 -0.67076 0.071189
-0.051006 0.11786 1.1767 -0.0073723 0.73822 -0.67076 0.071189
-0.050491 0.11702 1.1769 -0.0083244 0.73879 -0.67008 0.071476
-0.050723 0.11741 1.1769 -0.0082345 0.73853 -0.67042 0.071002
-0.050955 0.1171 1.1764 -0.0076207 0.73914 -0.66969 0.071557
-0.050955 0.1171 1.1764 -0.0076207 0.73914 -0.66969 0.071557
-0.050955 0.1171 1.1764 -0.0076207 0.73914 -0.66969 0.071557
-0.051024 0.11714 1.1766 -0.0089312 0.739 -0.66989 0.071102
-0.051024 0.11714 1.1766 -0.0089312 0.739 -0.66989 0.071102
-0.050958 0.11721 1.1769 -0.0083294 0.73864 -0.67026 0.07135
-0.050958 0.11721 1.1769 -0.0083294 0.73864 -0.67026 0.07135
-0.050723 0.11741 1.1769 -0.0082345 0.73853 -0.67042 0.071002
-0.050723 0.11741 1.1769 -0.0082345 0.73853 -0.67042 0.071002
-0.050929 0.11795 1.1769 -0.0081909 0.73809 -0.67098 0.070335
-0.050929 0.11795 1.1769 -0.0081909 0.73809 -0.67098 0.070335
-0.050929 0.11795 1.1769 -0.0081909 0.73809 -0.67098 0.070335
-0.050712 0.11769 1.1765 -0.0085241 0.73865 -0.67026 0.071247
-0.050899 0.11735 1.1764 -0.0080046 0.73909 -0.6698 0.071049
-0.050899 0.11735 1.1764 -0.0080046 0.73909 -0.6698 0.071049
-0.050899 0.11735 1.1764 -0.0080046 0.73909 -0.6698 0.071049
-0.050899 0.11735 1.1764 -0.0080046 0.73909 -0.6698 0.071049
-0.051082 0.11708 1.1765 -0.0078013 0.73895 -0.66988 0.071724
-0.050305 0.11757 1.1764 -0.008764 0.73872 -0.67011 0.071867
-0.050191 0.11731 1.1763 -0.0084915 0.73905 -0.6698 0.07141
-0.050191 0.11731 1.1763 -0.0084915 0.73905 -0.6698 0.07141
-0.050712 0.11716 1.1765 -0.008369 0.73886 -0.66995 0.072047
-0.050384 0.11757 1.1766 -0.0090355 0.7387 -0.67018 0.071504
-0.050464 0.11786 1.1769 -0.0083907 0.73841 -0.67057 0.070789
-0.051275 0.11785 1.1767 -0.0079917 0.73827 -0.67067 0.071416
-0.051275 0.11785 1.1767 -0.0079917 0.73827 -0.67067 0.071416
-0.050989 0.1167 1.1766 -0.0082398 0.73912 -0.66975 0.071205
-0.0511 0.11721 1.1763 -0.0082234 0.73907 -0.66983 0.071038
-0.0511 0.11721 1.1763 -0.0082234 0.73907 -0.66983 0.071038
-0.050513 0.11723 1.1766 -0.0088672 0.73896 -0.66992 0.071131
-0.050513 0.11723 1.1766 -0.0088672 0.73896 -0.66992 0.071131
-0.050513 0.11723 1.1766 -0.0088672 0.73896 -0.66992 0.071131
-0.050727 0.11747 1.1766 -0.0083197 0.73855 -0.6703 0.071918
-0.050628 0.11744 1.1767 -0.0084879 0.73876 -0.67016 0.070965
-0.050722 0.11727 1.1762 -0.0088594 0.73894 -0.66991 0.07148
-0.050722 0.11727 1.1762 -0.0088594 0.73894 -0.66991 0.07148
-0.050722 0.11727 1.1762 -0.0088594 0.73894 -0.66991 0.07148
-0.050722 0.11727 1.1762 -0.0088594 0.73894 -0.66991 0.07148
-0.050268 0.11747 1.1765 -0.00869 0.73873 -0.67016 0.071313
-0.050927 0.11709 1.1766 -0.0084553 0.7387 -0.67013 0.071876
-0.050822 0.11706 1.1771 -0.0083319 0.7386 -0.67025 0.07188
-0.050822 0.11706 1.1771 -0.0083319 0.7386 -0.67025 0.07188
-0.050822 0.11706 1.1771 -0.0083319 0.7386 -0.67025 0.07188
-0.050865 0.11736 1.177 -0.007648 0.73861 -0.67032 0.071188
-0.050767 0.11713 1.177 -0.0084351 0.73871 -0.67022 0.07097
-0.050629 0.11736 1.1765 -0.0086445 0.73931 -0.66945 0.072034
-0.050629 0.11736 1.1765 -0.0086445 0.73931 -0.66945 0.072034
-0.05115 0.11706 1.177 -0.0082265 0.73864 -0.67028 0.071268
-0.050813 0.11715 1.1763 -0.0080659 0.73907 -0.66977 0.0715
-0.051236 0.1168 1.1764 -0.0080081 0.73934 -0.66947 0.071621
-0.050641 0.11689 1.1769 -0.0085491 0.73905 -0.66981 0.071367
-0.050641 0.11689 1.1769 -0.0085491 0.73905 -0.66981 0.071367
-0.050641 0.11689 1.1769 -0.0085491 0.73905 -0.66981 0.071367
-0.051329 0.11747 1.1771 -0.0076733 0.7384 -0.67062 0.070593
-0.050812 0.11748 1.1764 -0.0080333 0.73885 -0.67003 0.071369
-0.050812 0.11748 1.1764 -0.0080333 0.73885 -0.67003 0.071369
-0.050812 0.11748 1.1764 -0.0080333 0.73885 -0.67003 0.071369
-0.050812 0.11748 1.1764 -0.0080333 0.73885 -0.67003 0.071369
-0.050889 0.11724 1.1766 -0.0082226 0.739 -0.6699 0.070974
-0.050309 0.11651 1.1764 -0.0086292 0.73957 -0.66922 0.071396
-0.050309 0.11651 1.1764 -0.0086292 0.73957 -0.66922 0.071396
-0.050309 0.11651 1.1764 -0.0086292 0.73957 -0.66922 0.071396
-0.050309 0.11651 1.1764 -0.0086292 0.73957 -0.66922 0.071396
-0.050938 0.1171 1.1761 -0.0081693 0.73918 -0.66964 0.071617
-0.050808 0.11756 1.1765 -0.0084414 0.73857 -0.67029 0.071749
-0.050915 0.11708 1.1768 -0.0083675 0.73889 -0.66998 0.071403
-0.050915 0.11708 1.1768 -0.0083675 0.73889 -0.66998 0.071403
-0.050915 0.11708 1.1768 -0.0083675 0.73889 -0.66998 0.071403
-0.051321 0.11782 1.1767 -0.0084165 0.73826 -0.67068 0.071287
-0.050206 0.11695 1.1768 -0.0092023 0.73905 -0.66978 0.071525
-0.05052 0.11731 1.1764 -0.0088967 0.73886 -0.66997 0.071744
-0.05052 0.11731 1.1764 -0.0088967 0.73886 -0.66997 0.071744
-0.05052 0.11731 1.1764 -0.0088967 0.73886 -0.66997 0.071744
-0.051096 0.11772 1.1767 -0.0080029 0.73841 -0.67053 0.071208
-0.050638 0.11705 1.1764 -0.0081482 0.73948 -0.66932 0.071464
-0.050638 0.11705 1.1764 -0.0081482 0.73948 -0.66932 0.071464
-0.050638 0.11705 1.1764 -0.0081482 0.73948 -0.66932 0.071464
-0.050638 0.11705 1.1764 -0.0081482 0.73948 -0.66932 0.071464
-0.050815 0.11717 1.1768 -0.007954 0.7387 -0.67023 0.071114
-0.050676 0.11742 1.1768 -0.0082904 0.73865 -0.67028 0.071048
-0.050676 0.11742 1.1768 -0.0082904 0.73865 -0.67028 0.071048
-0.050676 0.11742 1.1768 -0.0082904 0.73865 -0.67028 0.071048
-0.050676 0.11742 1.1768 -0.0082904 0.73865 -0.67028 0.071048
-0.050818 0.11787 1.1771 -0.0084272 0.73817 -0.67079 0.071264
-0.050978 0.11734 1.1764 -0.0082411 0.73901 -0.66986 0.071262
