0.43243 0.33813 0.37792 -0.28663 -0.95491 -0.033639 0.069662
0.43243 0.33813 0.37792 -0.28663 -0.95491 -0.033639 0.069662
0.43246 0.33844 0.3785 -0.28668 -0.95488 -0.034215 0.069643
0.43246 0.33844 0.3785 -0.28668 -0.95488 -0.034215 0.069643
0.43308 0.33773 0.37849 -0.28745 -0.95467 -0.033968 0.069453
0.43367 0.33769 0.37862 -0.28703 -0.95487 -0.033912 0.068473
0.43346 0.33757 0.37846 -0.28701 -0.95483 -0.034133 0.069017
0.43277 0.33788 0.37836 -0.28686 -0.95486 -0.033838 0.069305
0.43299 0.33777 0.37851 -0.28738 -0.95469 -0.034073 0.06946
0.4333 0.33797 0.37849 -0.28651 -0.95498 -0.033927 0.069013
0.4333 0.33797 0.37849 -0.28651 -0.95498 -0.033927 0.069013
0.43291 0.33758 0.37824 -0.28732 -0.95471 -0.033872 0.06948
0.43247 0.33821 0.37797 -0.28658 -0.95491 -0.033879 0.06981
0.43312 0.3379 0.3782 -0.28742 -0.95466 -0.034236 0.069556
0.43291 0.33779 0.37823 -0.2873 -0.95472 -0.033918 0.069453
0.43279 0.33728 0.37821 -0.28813 -0.9545 -0.033544 0.069223
0.43279 0.33728 0.37821 -0.28813 -0.9545 -0.033544 0.069223
0.43349 0.33784 0.37853 -0.28739 -0.95473 -0.034104 0.06883
0.43227 0.33785 0.37776 -0.28699 -0.95481 -0.033349 0.069736
0.43353 0.33794 0.37827 -0.28674 -0.95495 -0.033868 0.068611
0.43353 0.33794 0.37827 -0.28674 -0.95495 -0.033868 0.068611
0.43272 0.33746 0.37827 -0.2875 -0.95469 -0.0336 0.069208
0.43288 0.33739 0.37806 -0.28726 -0.95477 -0.033426 0.069169
0.43295 0.33799 0.37835 -0.28677 -0.95489 -0.03382 0.069256
0.43254 0.33772 0.3778 -0.28694 -0.95482 -0.033582 0.069683
0.43327 0.33764 0.37845 -0.28735 -0.95472 -0.033843 0.069252
0.43256 0.33741 0.37783 -0.28714 -0.95474 -0.033582 0.069892
0.43346 0.33715 0.37788 -0.28718 -0.95483 -0.033254 0.068717
0.43363 0.33821 0.37846 -0.28701 -0.95483 -0.034538 0.06872
0.43257 0.33699 0.37751 -0.28786 -0.95455 -0.033115 0.069777
0.4333 0.33766 0.37843 -0.2867 -0.95498 -0.033945 0.068343
0.4333 0.33766 0.37843 -0.2867 -0.95498 -0.033945 0.068343
0.43309 0.33762 0.37811 -0.28801 -0.95452 -0.03385 0.069276
0.43309 0.33762 0.37811 -0.28801 -0.95452 -0.03385 0.069276
0.43261 0.33761 0.3777 -0.28691 -0.95483 -0.033599 0.069668
0.43261 0.33761 0.3777 -0.28691 -0.95483 -0.033599 0.069668
0.43296 0.33812 0.378 -0.28732 -0.95477 -0.033556 0.068899
0.43296 0.33812 0.378 -0.28732 -0.95477 -0.033556 0.068899
0.43322 0.33753 0.37831 -0.28746 -0.9547 -0.033981 0.069078
0.43241 0.33703 0.37742 -0.2868 -0.95491 -0.0326 0.069448
0.43303 0.33753 0.37836 -0.28725 -0.95475 -0.033596 0.069317
0.43318 0.33791 0.37822 -0.28688 -0.95492 -0.03362 0.068525
0.43318 0.33791 0.37822 -0.28688 -0.95492 -0.03362 0.068525
0.4337 0.33898 0.37864 -0.28637 -0.95503 -0.034847 0.06844
0.43274 0.33808 0.37799 -0.28713 -0.95479 -0.033722 0.069273
0.43323 0.33711 0.37799 -0.28799 -0.95456 -0.033528 0.068957
0.433 0.33813 0.37828 -0.28697 -0.9548 -0.034127 0.069558
0.43266 0.33864 0.37838 -0.28635 -0.95496 -0.03446 0.069724
0.43303 0.33721 0.37776 -0.287 -0.95487 -0.033279 0.068954
0.43222 0.33718 0.37758 -0.28668 -0.95492 -0.03269 0.069825
0.43256 0.3377 0.37823 -0.28696 -0.95483 -0.033503 0.069553
0.43286 0.33727 0.37823 -0.28767 -0.95466 -0.033285 0.069045
0.43264 0.33745 0.37823 -0.28669 -0.95491 -0.033378 0.06956
0.43317 0.33725 0.37794 -0.28712 -0.95482 -0.033157 0.069126
0.43234 0.33736 0.37752 -0.28768 -0.9546 -0.032912 0.069969
0.43234 0.33736 0.37752 -0.28768 -0.9546 -0.032912 0.069969
0.43316 0.33739 0.37791 -0.28722 -0.95481 -0.033424 0.068751
0.43324 0.33759 0.37792 -0.2871 -0.95483 -0.033708 0.068866
0.43239 0.33799 0.37766 -0.28669 -0.95491 -0.033336 0.06968
0.43202 0.33654 0.37719 -0.28748 -0.95469 -0.032023 0.069957
0.43202 0.33654 0.37719 -0.28748 -0.95469 -0.032023 0.069957
0.43233 0.33715 0.37761 -0.28738 -0.95471 -0.033006 0.069637
0.43198 0.33781 0.37799 -0.28673 -0.95489 -0.033222 0.06982
0.43198 0.33781 0.37799 -0.28673 -0.95489 -0.033222 0.06982
0.43286 0.33745 0.3778 -0.28741 -0.95474 -0.033228 0.068985
0.43318 0.33715 0.37782 -0.28737 -0.95472 -0.033446 0.069283
0.43259 0.33802 0.37753 -0.28658 -0.95496 -0.033439 0.069269
0.43284 0.33746 0.37787 -0.28715 -0.95483 -0.033295 0.068806
0.43269 0.33701 0.37731 -0.28736 -0.95476 -0.03262 0.069229
0.43251 0.33678 0.37715 -0.28774 -0.95463 -0.032524 0.06946
0.43233 0.33797 0.37769 -0.28749 -0.95464 -0.033701 0.06987
0.43218 0.33829 0.37782 -0.2865 -0.95489 -0.033985 0.070358
0.43226 0.33718 0.37727 -0.28725 -0.95477 -0.03279 0.069448
0.43259 0.33814 0.37786 -0.28598 -0.95514 -0.033496 0.069265
0.43259 0.33814 0.37786 -0.28598 -0.95514 -0.033496 0.069265
0.4332 0.33707 0.37752 -0.28732 -0.95477 -0.032991 0.069112
0.43262 0.33716 0.37767 -0.28791 -0.95456 -0.033283 0.069404
0.43265 0.33801 0.37734 -0.28652 -0.95498 -0.033285 0.069425
0.43239 0.33709 0.37741 -0.28702 -0.95483 -0.032782 0.069611
0.43217 0.33737 0.37741 -0.28708 -0.95483 -0.03286 0.06928
0.43274 0.33731 0.3773 -0.28687 -0.9549 -0.032871 0.069156
0.43154 0.3374 0.37685 -0.28721 -0.9547 -0.032681 0.070584
0.43154 0.3374 0.37685 -0.28721 -0.9547 -0.032681 0.070584
0.43196 0.337 0.37692 -0.28712 -0.9548 -0.032375 0.069862
0.43196 0.337 0.37692 -0.28712 -0.9548 -0.032375 0.069862
0.43202 0.33641 0.37636 -0.287 -0.9549 -0.031446 0.069393
0.43224 0.33533 0.37604 -0.28754 -0.95478 -0.030739 0.06913
0.43224 0.33533 0.37604 -0.28754 -0.95478 -0.030739 0.06913
0.4319 0.33645 0.37551 -0.28825 -0.95447 -0.032041 0.069839
0.4319 0.33645 0.37551 -0.28825 -0.95447 -0.032041 0.069839
0.43272 0.33585 0.37486 -0.28941 -0.95417 -0.032314 0.068983
0.43229 0.3356 0.37424 -0.28965 -0.95413 -0.031593 0.068902
0.4321 0.33494 0.37319 -0.29075 -0.95379 -0.031422 0.068929
0.43236 0.33548 0.37279 -0.29076 -0.95377 -0.032259 0.068904
0.43134 0.33547 0.37171 -0.2925 -0.95316 -0.032403 0.069887
0.43202 0.33523 0.37131 -0.29279 -0.95312 -0.032622 0.069018
0.43202 0.33523 0.37131 -0.29279 -0.95312 -0.032622 0.069018
0.43154 0.3359 0.36981 -0.295 -0.95233 -0.033979 0.069875
0.43193 0.33589 0.36871 -0.29595 -0.95209 -0.034463 0.068954
0.43236 0.33509 0.36768 -0.29634 -0.95202 -0.034136 0.068322
0.4326 0.33575 0.36737 -0.29814 -0.95145 -0.035338 0.067937
0.4326 0.33575 0.36737 -0.29814 -0.95145 -0.035338 0.067937
0.43232 0.33532 0.36464 -0.30022 -0.95077 -0.035658 0.06806
0.43269 0.33639 0.36414 -0.30139 -0.95031 -0.03742 0.068425
0.43265 0.33666 0.36318 -0.30162 -0.95026 -0.038131 0.06767
0.43172 0.33819 0.36185 -0.30256 -0.94988 -0.039045 0.068212
0.43172 0.33819 0.36185 -0.30256 -0.94988 -0.039045 0.068212
0.43155 0.33782 0.35945 -0.3052 -0.94909 -0.039567 0.067179
0.43155 0.33844 0.35901 -0.30636 -0.94864 -0.040974 0.067467
0.43155 0.33844 0.35901 -0.30636 -0.94864 -0.040974 0.067467
0.43047 0.33968 0.35626 -0.30798 -0.94809 -0.042186 0.067044
0.43059 0.34007 0.35521 -0.3081 -0.94804 -0.042729 0.066778
0.43051 0.34014 0.35413 -0.30926 -0.9477 -0.043175 0.066034
0.43009 0.34082 0.35276 -0.3091 -0.94777 -0.043537 0.065452
0.43056 0.34142 0.35217 -0.31145 -0.94697 -0.044869 0.065118
0.43056 0.34142 0.35217 -0.31145 -0.94697 -0.044869 0.065118
0.42896 0.34087 0.34896 -0.31252 -0.94661 -0.044259 0.065657
0.42819 0.34065 0.34761 -0.31316 -0.94643 -0.043872 0.065388
0.42835 0.34119 0.3466 -0.31335 -0.94638 -0.044282 0.06498
0.42835 0.34119 0.3466 -0.31335 -0.94638 -0.044282 0.06498
0.42692 0.34029 0.34355 -0.31568 -0.94562 -0.043793 0.06508
0.42621 0.34014 0.34204 -0.31585 -0.94558 -0.04316 0.065205
0.42666 0.34035 0.34099 -0.31541 -0.94581 -0.04328 0.064013
0.42538 0.33994 0.33964 -0.31654 -0.94542 -0.042888 0.064316
0.4236 0.33944 0.33744 -0.31641 -0.94548 -0.041539 0.065063
0.42361 0.33971 0.33663 -0.31708 -0.94528 -0.041823 0.064505
0.42291 0.33897 0.33479 -0.31833 -0.94491 -0.04108 0.064162
0.42246 0.33768 0.33315 -0.31868 -0.94484 -0.03992 0.064304
0.42207 0.33853 0.33207 -0.31839 -0.94494 -0.040433 0.06381
0.42058 0.33999 0.33105 -0.31853 -0.9448 -0.041386 0.064699
0.42004 0.33782 0.32859 -0.31953 -0.94462 -0.039267 0.063681
0.42004 0.33782 0.32859 -0.31953 -0.94462 -0.039267 0.063681
0.41834 0.33749 0.32559 -0.32014 -0.94446 -0.03839 0.063532
0.41834 0.33749 0.32559 -0.32014 -0.94446 -0.03839 0.063532
0.41763 0.33918 0.324 -0.32124 -0.94404 -0.040246 0.063042
0.41763 0.33918 0.324 -0.32124 -0.94404 -0.040246 0.063042
0.41763 0.33918 0.324 -0.32124 -0.94404 -0.040246 0.063042
0.41763 0.33918 0.324 -0.32124 -0.94404 -0.040246 0.063042
0.41545 0.33883 0.31811 -0.3238 -0.9433 -0.039979 0.061163
0.41531 0.33911 0.31694 -0.32402 -0.94321 -0.040613 0.060913
0.41531 0.33911 0.31694 -0.32402 -0.94321 -0.040613 0.060913
0.41531 0.33911 0.31694 -0.32402 -0.94321 -0.040613 0.060913
0.41531 0.33911 0.31694 -0.32402 -0.94321 -0.040613 0.060913
0.4142 0.34072 0.31249 -0.32617 -0.9425 -0.042791 0.05892
0.41329 0.34115 0.3108 -0.32733 -0.94209 -0.043465 0.058647
0.41329 0.34115 0.3108 -0.32733 -0.94209 -0.043465 0.058647
0.41329 0.34115 0.3108 -0.32733 -0.94209 -0.043465 0.058647
0.41228 0.34137 0.30814 -0.32871 -0.94159 -0.044434 0.0581
0.41193 0.34267 0.30628 -0.33031 -0.941 -0.046558 0.056976
0.41109 0.34312 0.30469 -0.33123 -0.94063 -0.047189 0.057274
0.41109 0.34312 0.30469 -0.33123 -0.94063 -0.047189 0.057274
0.41109 0.34312 0.30469 -0.33123 -0.94063 -0.047189 0.057274
0.41222 0.344 0.30279 -0.33404 -0.93961 -0.050047 0.055188
0.41037 0.34598 0.30036 -0.3354 -0.93901 -0.051962 0.055395
0.41079 0.34473 0.29907 -0.33634 -0.93878 -0.051853 0.0537
0.41079 0.34473 0.29907 -0.33634 -0.93878 -0.051853 0.0537
0.41079 0.34473 0.29907 -0.33634 -0.93878 -0.051853 0.0537
0.411 0.34571 0.29678 -0.3384 -0.93797 -0.05415 0.052651
0.41122 0.34663 0.29485 -0.34025 -0.93718 -0.056557 0.052149
0.41068 0.34602 0.29338 -0.34145 -0.93678 -0.056711 0.051347
0.41068 0.34602 0.29338 -0.34145 -0.93678 -0.056711 0.051347
0.41068 0.34602 0.29338 -0.34145 -0.93678 -0.056711 0.051347
0.41068 0.34602 0.29338 -0.34145 -0.93678 -0.056711 0.051347
0.41081 0.34545 0.28875 -0.34595 -0.93507 -0.059343 0.049353
0.41035 0.34541 0.28708 -0.34632 -0.93496 -0.059354 0.048969
0.41035 0.34541 0.28708 -0.34632 -0.93496 -0.059354 0.048969
0.41035 0.34541 0.28708 -0.34632 -0.93496 -0.059354 0.048969
0.41074 0.344 0.2845 -0.34892 -0.93403 -0.059724 0.047644
0.41097 0.3418 0.28232 -0.35176 -0.93303 -0.059897 0.046219
0.4099 0.34329 0.28113 -0.35237 -0.93267 -0.061439 0.046781
0.4099 0.34329 0.28113 -0.35237 -0.93267 -0.061439 0.046781
0.4099 0.34329 0.28113 -0.35237 -0.93267 -0.061439 0.046781
0.4099 0.34329 0.28113 -0.35237 -0.93267 -0.061439 0.046781
0.40934 0.33974 0.27575 -0.35648 -0.93123 -0.061048 0.044921
0.40974 0.33834 0.27484 -0.35765 -0.93087 -0.060478 0.043751
0.40974 0.33834 0.27484 -0.35765 -0.93087 -0.060478 0.043751
0.40974 0.33834 0.27484 -0.35765 -0.93087 -0.060478 0.043751
0.41062 0.33802 0.27269 -0.35904 -0.93035 -0.061572 0.041884
0.4096 0.33637 0.2701 -0.36102 -0.9296 -0.061467 0.041635
0.4092 0.33608 0.26881 -0.36199 -0.9292 -0.061828 0.041446
0.4092 0.33608 0.26881 -0.36199 -0.9292 -0.061828 0.041446
0.4092 0.33608 0.26881 -0.36199 -0.9292 -0.061828 0.041446
0.40982 0.33477 0.26649 -0.36456 -0.92823 -0.06278 0.039304
0.40969 0.33391 0.26402 -0.36568 -0.92778 -0.063416 0.03856
0.40969 0.33391 0.26402 -0.36568 -0.92778 -0.063416 0.03856
0.40898 0.3329 0.26282 -0.36748 -0.92709 -0.063179 0.038297
0.40898 0.3329 0.26282 -0.36748 -0.92709 -0.063179 0.038297
0.40961 0.334 0.26121 -0.36855 -0.92655 -0.065679 0.03679
0.40974 0.33296 0.25919 -0.37157 -0.92529 -0.067019 0.035913
0.41066 0.33246 0.25832 -0.37243 -0.92493 -0.068042 0.034273
0.41066 0.33246 0.25832 -0.37243 -0.92493 -0.068042 0.034273
0.41066 0.33246 0.25832 -0.37243 -0.92493 -0.068042 0.034273
0.41023 0.33388 0.25546 -0.37493 -0.9237 -0.071534 0.033081
0.41147 0.33325 0.25515 -0.37705 -0.92277 -0.072877 0.031854
0.41152 0.33323 0.25403 -0.37786 -0.92238 -0.073841 0.031314
0.41152 0.33323 0.25403 -0.37786 -0.92238 -0.073841 0.031314
0.41152 0.33323 0.25403 -0.37786 -0.92238 -0.073841 0.031314
0.41263 0.33323 0.25275 -0.37962 -0.92156 -0.076001 0.028927
0.4138 0.33362 0.25119 -0.38266 -0.92009 -0.079176 0.027341
0.41308 0.33366 0.24942 -0.38255 -0.92008 -0.079552 0.02779
0.41308 0.33366 0.24942 -0.38255 -0.92008 -0.079552 0.02779
0.41308 0.33366 0.24942 -0.38255 -0.92008 -0.079552 0.02779
0.41532 0.33497 0.24729 -0.38479 -0.91886 -0.083572 0.025313
0.41532 0.33497 0.24729 -0.38479 -0.91886 -0.083572 0.025313
0.4165 0.33681 0.24578 -0.38431 -0.9188 -0.086581 0.024703
0.4165 0.33681 0.24578 -0.38431 -0.9188 -0.086581 0.024703
0.4165 0.33681 0.24578 -0.38431 -0.9188 -0.086581 0.024703
0.4165 0.33681 0.24578 -0.38431 -0.9188 -0.086581 0.024703
0.4168 0.33751 0.24179 -0.38434 -0.9186 -0.088598 0.024564
0.41789 0.33735 0.23959 -0.38481 -0.91828 -0.089975 0.024095
0.41789 0.33735 0.23959 -0.38481 -0.91828 -0.089975 0.024095
0.41789 0.33735 0.23959 -0.38481 -0.91828 -0.089975 0.024095
0.41927 0.33851 0.23618 -0.38421 -0.91834 -0.091834 0.024547
0.41935 0.33876 0.23501 -0.38264 -0.919 -0.091788 0.024386
0.41935 0.33876 0.23501 -0.38264 -0.919 -0.091788 0.024386
0.42012 0.33908 0.23374 -0.38301 -0.91876 -0.092619 0.024847
0.42012 0.33908 0.23374 -0.38301 -0.91876 -0.092619 0.024847
0.41972 0.33877 0.23098 -0.38133 -0.91947 -0.092109 0.026057
0.42011 0.33796 0.22792 -0.37991 -0.92018 -0.091045 0.02565
0.41997 0.33687 0.2262 -0.37934 -0.92049 -0.090055 0.026365
0.41997 0.33687 0.2262 -0.37934 -0.92049 -0.090055 0.026365
0.41997 0.33687 0.2262 -0.37934 -0.92049 -0.090055 0.026365
0.41952 0.33685 0.22218 -0.37636 -0.92176 -0.089083 0.027826
0.41952 0.33685 0.22218 -0.37636 -0.92176 -0.089083 0.027826
0.42019 0.33453 0.2194 -0.37701 -0.92162 -0.08783 0.027577
0.42019 0.33453 0.2194 -0.37701 -0.92162 -0.08783 0.027577
0.42019 0.33453 0.2194 -0.37701 -0.92162 -0.08783 0.027577
0.41869 0.3349 0.21659 -0.37448 -0.92268 -0.086688 0.030116
0.41932 0.33242 0.21525 -0.37458 -0.92283 -0.085017 0.02903
0.41878 0.33154 0.21223 -0.37325 -0.92347 -0.083446 0.030407
0.41878 0.33154 0.21223 -0.37325 -0.92347 -0.083446 0.030407
0.41878 0.33154 0.21223 -0.37325 -0.92347 -0.083446 0.030407
0.4185 0.32957 0.20925 -0.37124 -0.92443 -0.081457 0.031266
0.4185 0.32879 0.20649 -0.37067 -0.92467 -0.080868 0.03231
0.41843 0.32844 0.20525 -0.37087 -0.92456 -0.080933 0.033106
0.41843 0.32844 0.20525 -0.37087 -0.92456 -0.080933 0.033106
0.41843 0.32844 0.20525 -0.37087 -0.92456 -0.080933 0.033106
0.41877 0.32769 0.20253 -0.36848 -0.92563 -0.079605 0.033109
0.41906 0.32823 0.20215 -0.36874 -0.9254 -0.080708 0.033904
0.41906 0.32823 0.20215 -0.36874 -0.9254 -0.080708 0.033904
0.41882 0.32676 0.19911 -0.3678 -0.92589 -0.079159 0.034362
0.41882 0.32676 0.19911 -0.3678 -0.92589 -0.079159 0.034362
0.41882 0.32676 0.19911 -0.3678 -0.92589 -0.079159 0.034362
0.41956 0.32885 0.19458 -0.36528 -0.9266 -0.081756 0.036001
0.41957 0.32884 0.19361 -0.36572 -0.92634 -0.082474 0.036783
0.41957 0.32884 0.19361 -0.36572 -0.92634 -0.082474 0.036783
0.41957 0.32884 0.19361 -0.36572 -0.92634 -0.082474 0.036783
0.41957 0.32884 0.19361 -0.36572 -0.92634 -0.082474 0.036783
0.42051 0.3298 0.19043 -0.36571 -0.92608 -0.084733 0.03818
0.42091 0.33083 0.18976 -0.36531 -0.92609 -0.086302 0.038209
0.42156 0.33062 0.18865 -0.36449 -0.92644 -0.086045 0.038096
0.42156 0.33062 0.18865 -0.36449 -0.92644 -0.086045 0.038096
0.42209 0.32996 0.18662 -0.36547 -0.92601 -0.086335 0.038515
0.42265 0.33002 0.18457 -0.36463 -0.92623 -0.087398 0.038839
0.42265 0.33002 0.18457 -0.36463 -0.92623 -0.087398 0.038839
0.42193 0.32928 0.18314 -0.36599 -0.92563 -0.087535 0.04004
0.42193 0.32928 0.18314 -0.36599 -0.92563 -0.087535 0.04004
0.42193 0.32928 0.18314 -0.36599 -0.92563 -0.087535 0.04004
0.42534 0.32975 0.18013 -0.3664 -0.92513 -0.090919 0.040171
0.42534 0.32975 0.18013 -0.3664 -0.92513 -0.090919 0.040171
0.42367 0.32942 0.1783 -0.36762 -0.92461 -0.090462 0.041936
0.42367 0.32942 0.1783 -0.36762 -0.92461 -0.090462 0.041936
0.42367 0.32942 0.1783 -0.36762 -0.92461 -0.090462 0.041936
0.42531 0.32906 0.17443 -0.36599 -0.92507 -0.092166 0.042519
0.42531 0.32906 0.17443 -0.36599 -0.92507 -0.092166 0.042519
0.42622 0.32894 0.17424 -0.36572 -0.92517 -0.092145 0.042706
0.42622 0.32894 0.17424 -0.36572 -0.92517 -0.092145 0.042706
0.42564 0.32843 0.17187 -0.3658 -0.92506 -0.092414 0.04375
0.42565 0.32982 0.17143 -0.36465 -0.92534 -0.093781 0.044622
0.42581 0.32867 0.16928 -0.36538 -0.92506 -0.093395 0.045124
0.42581 0.32867 0.16928 -0.36538 -0.92506 -0.093395 0.045124
0.42581 0.32867 0.16928 -0.36538 -0.92506 -0.093395 0.045124
0.42552 0.32802 0.16756 -0.36502 -0.92517 -0.093312 0.046059
0.42718 0.32777 0.16655 -0.36521 -0.92499 -0.094318 0.045929
0.42702 0.32737 0.16561 -0.36613 -0.92458 -0.094563 0.046357
0.42702 0.32737 0.16561 -0.36613 -0.92458 -0.094563 0.046357
0.42702 0.32737 0.16561 -0.36613 -0.92458 -0.094563 0.046357
0.42702 0.32737 0.16561 -0.36613 -0.92458 -0.094563 0.046357
0.42803 0.3292 0.16376 -0.36545 -0.92454 -0.097154 0.047172
0.42785 0.3277 0.16289 -0.366 -0.92439 -0.096491 0.047283
0.42785 0.3277 0.16289 -0.366 -0.92439 -0.096491 0.047283
0.42785 0.3277 0.16289 -0.366 -0.92439 -0.096491 0.047283
0.42792 0.32888 0.16228 -0.36561 -0.9244 -0.097443 0.048174
0.42764 0.32936 0.16175 -0.36498 -0.92458 -0.097947 0.048499
0.42792 0.32826 0.16097 -0.36624 -0.92409 -0.097766 0.048579
0.42792 0.32826 0.16097 -0.36624 -0.92409 -0.097766 0.048579
0.42792 0.32826 0.16097 -0.36624 -0.92409 -0.097766 0.048579
0.42777 0.32806 0.1605 -0.36515 -0.92458 -0.097227 0.048601
0.42707 0.3274 0.15951 -0.36513 -0.92464 -0.09648 0.049142
0.4277 0.32658 0.15971 -0.36593 -0.92438 -0.096303 0.048462
0.4277 0.32658 0.15971 -0.36593 -0.92438 -0.096303 0.048462
0.4277 0.32658 0.15971 -0.36593 -0.92438 -0.096303 0.048462
0.4272 0.32463 0.15874 -0.36721 -0.92395 -0.095261 0.048971
0.42714 0.32383 0.15837 -0.36708 -0.9241 -0.094403 0.048782
0.42714 0.32383 0.15837 -0.36708 -0.9241 -0.094403 0.048782
0.42664 0.32384 0.15812 -0.36701 -0.92406 -0.094768 0.049359
0.42664 0.32384 0.15812 -0.36701 -0.92406 -0.094768 0.049359
0.42664 0.32384 0.15812 -0.36701 -0.92406 -0.094768 0.049359
0.4278 0.32073 0.15763 -0.36892 -0.92346 -0.093584 0.048655
0.4278 0.32073 0.15763 -0.36892 -0.92346 -0.093584 0.048655
0.42816 0.31989 0.1573 -0.36946 -0.9233 -0.092964 0.048653
0.42816 0.31989 0.1573 -0.36946 -0.9233 -0.092964 0.048653
0.42801 0.31886 0.15691 -0.36999 -0.92313 -0.092548 0.04882
0.4287 0.31746 0.1569 -0.37105 -0.92271 -0.092428 0.048824
0.42914 0.3163 0.15683 -0.37226 -0.92229 -0.092005 0.048441
0.42914 0.3163 0.15683 -0.37226 -0.92229 -0.092005 0.048441
0.42914 0.3163 0.15683 -0.37226 -0.92229 -0.092005 0.048441
0.42914 0.3163 0.15683 -0.37226 -0.92229 -0.092005 0.048441
0.43104 0.31627 0.15731 -0.37305 -0.92187 -0.093221 0.047894
0.43163 0.31488 0.15715 -0.37476 -0.92117 -0.09322 0.048012
0.43163 0.31488 0.15715 -0.37476 -0.92117 -0.09322 0.048012
0.43163 0.31488 0.15715 -0.37476 -0.92117 -0.09322 0.048012
0.43235 0.3131 0.15705 -0.3765 -0.92051 -0.092717 0.048066
0.4332 0.31326 0.15733 -0.37646 -0.92047 -0.093343 0.047942
0.43342 0.31121 0.15681 -0.37838 -0.91976 -0.092591 0.047864
0.43342 0.31121 0.15681 -0.37838 -0.91976 -0.092591 0.047864
0.43342 0.31121 0.15681 -0.37838 -0.91976 -0.092591 0.047864
0.43342 0.31121 0.15681 -0.37838 -0.91976 -0.092591 0.047864
0.43527 0.31068 0.15724 -0.37894 -0.91953 -0.093032 0.046991
0.43522 0.30923 0.15707 -0.3806 -0.91885 -0.092591 0.047855
0.43522 0.30923 0.15707 -0.3806 -0.91885 -0.092591 0.047855
0.43522 0.30923 0.15707 -0.3806 -0.91885 -0.092591 0.047855
0.4363 0.30976 0.15752 -0.38116 -0.9185 -0.093968 0.047365
0.43733 0.30776 0.15714 -0.38292 -0.9178 -0.093756 0.047224
0.43763 0.30831 0.15735 -0.38295 -0.91775 -0.094176 0.047122
0.43763 0.30831 0.15735 -0.38295 -0.91775 -0.094176 0.047122
0.43763 0.30831 0.15735 -0.38295 -0.91775 -0.094176 0.047122
0.43811 0.30706 0.15744 -0.38359 -0.91752 -0.093745 0.047238
0.43852 0.30523 0.15689 -0.38515 -0.91695 -0.093157 0.046813
0.43852 0.30523 0.15689 -0.38515 -0.91695 -0.093157 0.046813
0.43934 0.3046 0.15716 -0.38665 -0.91629 -0.093467 0.046671
0.43934 0.3046 0.15716 -0.38665 -0.91629 -0.093467 0.046671
0.44048 0.3039 0.15738 -0.38745 -0.91587 -0.094109 0.046983
0.44046 0.30416 0.15734 -0.38813 -0.91557 -0.094356 0.046671
0.44067 0.30197 0.15687 -0.38923 -0.91521 -0.093288 0.046734
0.44067 0.30197 0.15687 -0.38923 -0.91521 -0.093288 0.046734
0.44067 0.30197 0.15687 -0.38923 -0.91521 -0.093288 0.046734
0.44164 0.30116 0.15693 -0.39065 -0.91459 -0.093577 0.046545
0.44279 0.30129 0.15757 -0.39021 -0.91471 -0.0944 0.046033
0.4442 0.30095 0.15796 -0.39133 -0.91419 -0.094995 0.045738
0.4442 0.30095 0.15796 -0.39133 -0.91419 -0.094995 0.045738
0.4442 0.30095 0.15796 -0.39133 -0.91419 -0.094995 0.045738
0.44506 0.30072 0.15864 -0.39294 -0.91341 -0.095808 0.04589
0.44502 0.30102 0.15845 -0.39293 -0.91335 -0.096221 0.046268
0.44603 0.3009 0.15892 -0.39313 -0.9133 -0.09629 0.045425
0.4464 0.30101 0.15903 -0.39423 -0.91271 -0.097103 0.046059
0.4464 0.30101 0.15903 -0.39423 -0.91271 -0.097103 0.046059
0.44932 0.30081 0.16032 -0.3965 -0.91155 -0.099193 0.044997
0.45132 0.30193 0.16206 -0.39661 -0.91128 -0.10112 0.04519
0.45253 0.30267 0.16281 -0.39807 -0.91051 -0.10255 0.044719
0.45253 0.30267 0.16281 -0.39807 -0.91051 -0.10255 0.044719
0.45253 0.30267 0.16281 -0.39807 -0.91051 -0.10255 0.044719
0.4554 0.30288 0.16438 -0.39988 -0.90948 -0.10481 0.0443
0.45731 0.30378 0.16571 -0.40154 -0.9085 -0.10681 0.044537
0.45786 0.30432 0.16619 -0.40197 -0.90823 -0.1076 0.044332
0.45786 0.30432 0.16619 -0.40197 -0.90823 -0.1076 0.044332
0.45786 0.30432 0.16619 -0.40197 -0.90823 -0.1076 0.044332
0.46047 0.30516 0.16781 -0.40441 -0.9068 -0.11042 0.044387
0.46224 0.30551 0.16861 -0.40433 -0.90671 -0.11173 0.043706
0.46506 0.30669 0.17047 -0.40586 -0.90574 -0.11435 0.04297
0.46506 0.30669 0.17047 -0.40586 -0.90574 -0.11435 0.04297
0.46506 0.30669 0.17047 -0.40586 -0.90574 -0.11435 0.04297
0.46506 0.30669 0.17047 -0.40586 -0.90574 -0.11435 0.04297
0.46749 0.30716 0.17217 -0.40676 -0.90515 -0.11587 0.042748
0.46898 0.30751 0.17307 -0.40806 -0.90438 -0.11743 0.042365
0.46898 0.30751 0.17307 -0.40806 -0.90438 -0.11743 0.042365
0.46898 0.30751 0.17307 -0.40806 -0.90438 -0.11743 0.042365
0.47036 0.30816 0.17396 -0.40864 -0.90394 -0.11894 0.042047
0.47134 0.30987 0.17543 -0.40933 -0.90332 -0.12105 0.042548
0.47194 0.30981 0.17525 -0.40974 -0.90312 -0.12113 0.042608
0.47194 0.30981 0.17525 -0.40974 -0.90312 -0.12113 0.042608
0.47194 0.30981 0.17525 -0.40974 -0.90312 -0.12113 0.042608
0.47194 0.30981 0.17525 -0.40974 -0.90312 -0.12113 0.042608
0.4747 0.31252 0.17778 -0.41131 -0.90192 -0.12499 0.04178
0.47582 0.3123 0.17865 -0.4113 -0.90192 -0.12518 0.041221
0.47582 0.3123 0.17865 -0.4113 -0.90192 -0.12518 0.041221
0.47582 0.3123 0.17865 -0.4113 -0.90192 -0.12518 0.041221
0.47654 0.31197 0.17904 -0.41115 -0.90197 -0.12549 0.040785
0.47709 0.31476 0.17985 -0.41162 -0.90135 -0.128 0.041998
0.47709 0.31476 0.17985 -0.41162 -0.90135 -0.128 0.041998
0.47801 0.31473 0.18052 -0.41167 -0.90131 -0.12845 0.040912
0.47801 0.31473 0.18052 -0.41167 -0.90131 -0.12845 0.040912
0.47801 0.31473 0.18052 -0.41167 -0.90131 -0.12845 0.040912
0.48019 0.3189 0.18205 -0.41172 -0.90064 -0.13302 0.040455
0.48186 0.32067 0.18265 -0.41154 -0.90043 -0.13531 0.039444
0.48186 0.32067 0.18265 -0.41154 -0.90043 -0.13531 0.039444
0.48186 0.32067 0.18265 -0.41154 -0.90043 -0.13531 0.039444
0.48186 0.32067 0.18265 -0.41154 -0.90043 -0.13531 0.039444
0.48521 0.32659 0.18279 -0.41005 -0.90046 -0.14037 0.036395
0.48521 0.32659 0.18279 -0.41005 -0.90046 -0.14037 0.036395
0.48608 0.32618 0.18241 -0.41012 -0.90047 -0.1404 0.035158
0.48608 0.32618 0.18241 -0.41012 -0.90047 -0.1404 0.035158
0.48608 0.32618 0.18241 -0.41012 -0.90047 -0.1404 0.035158
0.49137 0.33224 0.18164 -0.40699 -0.90136 -0.14512 0.029006
0.49331 0.33332 0.18135 -0.4069 -0.90122 -0.14667 0.027027
0.49331 0.33332 0.18135 -0.4069 -0.90122 -0.14667 0.027027
0.49331 0.33332 0.18135 -0.4069 -0.90122 -0.14667 0.027027
0.49505 0.33644 0.1803 -0.40526 -0.90169 -0.14865 0.02502
0.49796 0.33862 0.17965 -0.40293 -0.90259 -0.15009 0.021044
0.49869 0.34012 0.17886 -0.40269 -0.90254 -0.1512 0.020161
0.49869 0.34012 0.17886 -0.40269 -0.90254 -0.1512 0.020161
0.49869 0.34012 0.17886 -0.40269 -0.90254 -0.1512 0.020161
0.49869 0.34012 0.17886 -0.40269 -0.90254 -0.1512 0.020161
0.50329 0.34816 0.17785 -0.3978 -0.90398 -0.15606 0.014796
0.50329 0.34816 0.17785 -0.3978 -0.90398 -0.15606 0.014796
0.50366 0.34854 0.17724 -0.39778 -0.90397 -0.15622 0.014117
0.50366 0.34854 0.17724 -0.39778 -0.90397 -0.15622 0.014117
0.50366 0.34854 0.17724 -0.39778 -0.90397 -0.15622 0.014117
0.50704 0.3579 0.17757 -0.39133 -0.90592 -0.1614 0.01073
0.50665 0.35966 0.17678 -0.39021 -0.90627 -0.16214 0.011046
0.50665 0.35966 0.17678 -0.39021 -0.90627 -0.16214 0.011046
0.50665 0.35966 0.17678 -0.39021 -0.90627 -0.16214 0.011046
0.50617 0.36225 0.17537 -0.38712 -0.90756 -0.1623 0.011375
0.50687 0.36666 0.17601 -0.38377 -0.90858 -0.16457 0.011164
0.50687 0.36666 0.17601 -0.38377 -0.90858 -0.16457 0.011164
0.50629 0.36822 0.17504 -0.38235 -0.90915 -0.16468 0.011618
0.50629 0.36822 0.17504 -0.38235 -0.90915 -0.16468 0.011618
0.5058 0.37292 0.17541 -0.37928 -0.90995 -0.16722 0.013085
0.50535 0.37399 0.17464 -0.3777 -0.9106 -0.16727 0.013322
0.50494 0.3771 0.17483 -0.37572 -0.91115 -0.16864 0.014353
0.50541 0.37785 0.17485 -0.3755 -0.91114 -0.16918 0.013863
0.50541 0.37785 0.17485 -0.3755 -0.91114 -0.16918 0.013863
0.50278 0.38208 0.17389 -0.37156 -0.91257 -0.16997 0.016395
0.50182 0.38499 0.17367 -0.3692 -0.91335 -0.17076 0.017911
0.50104 0.38587 0.17294 -0.3675 -0.91398 -0.17098 0.018453
0.50104 0.38587 0.17294 -0.3675 -0.91398 -0.17098 0.018453
0.50104 0.38587 0.17294 -0.3675 -0.91398 -0.17098 0.018453
0.50104 0.38587 0.17294 -0.3675 -0.91398 -0.17098 0.018453
0.50039 0.39023 0.173 -0.36418 -0.91499 -0.17261 0.019361
0.49996 0.39183 0.17306 -0.36333 -0.91509 -0.17377 0.020096
0.49937 0.39377 0.1728 -0.36188 -0.91555 -0.17431 0.020812
0.49937 0.39377 0.1728 -0.36188 -0.91555 -0.17431 0.020812
0.49812 0.39459 0.172 -0.35941 -0.91669 -0.17344 0.020816
0.49714 0.39665 0.17173 -0.3581 -0.91702 -0.17419 0.022391
0.49714 0.39665 0.17173 -0.3581 -0.91702 -0.17419 0.022391
0.49691 0.39843 0.17163 -0.35687 -0.9173 -0.17516 0.02296
0.49691 0.39843 0.17163 -0.35687 -0.9173 -0.17516 0.02296
0.49524 0.40055 0.17079 -0.35546 -0.91774 -0.1755 0.024328
0.49518 0.40108 0.17083 -0.35507 -0.91781 -0.17592 0.024609
0.4946 0.40379 0.17085 -0.35211 -0.91883 -0.17652 0.024787
0.4946 0.40379 0.17085 -0.35211 -0.91883 -0.17652 0.024787
0.4946 0.40379 0.17085 -0.35211 -0.91883 -0.17652 0.024787
0.4946 0.40379 0.17085 -0.35211 -0.91883 -0.17652 0.024787
0.49151 0.40773 0.16948 -0.34711 -0.92064 -0.17667 0.02697
0.49233 0.40995 0.17016 -0.34652 -0.92047 -0.17862 0.027356
0.49233 0.40995 0.17016 -0.34652 -0.92047 -0.17862 0.027356
0.49233 0.40995 0.17016 -0.34652 -0.92047 -0.17862 0.027356
0.49 0.41038 0.16861 -0.3445 -0.92147 -0.17717 0.028581
0.48969 0.41208 0.1683 -0.34317 -0.92179 -0.17805 0.028918
0.48765 0.41439 0.1674 -0.3402 -0.92282 -0.17821 0.03025
0.48765 0.41439 0.1674 -0.3402 -0.92282 -0.17821 0.03025
0.48765 0.41439 0.1674 -0.3402 -0.92282 -0.17821 0.03025
0.48654 0.41561 0.16624 -0.33886 -0.92336 -0.17786 0.030785
0.48561 0.41746 0.16638 -0.33665 -0.92405 -0.17834 0.031598
0.48553 0.41859 0.16673 -0.3365 -0.92397 -0.17904 0.031614
0.48469 0.4202 0.16689 -0.33447 -0.92451 -0.17986 0.032664
0.48469 0.4202 0.16689 -0.33447 -0.92451 -0.17986 0.032664
0.48469 0.4202 0.16689 -0.33447 -0.92451 -0.17986 0.032664
0.48124 0.42257 0.16515 -0.33161 -0.92569 -0.17883 0.033937
0.48023 0.42411 0.16516 -0.33015 -0.92612 -0.17909 0.034995
0.48023 0.42411 0.16516 -0.33015 -0.92612 -0.17909 0.034995
0.48023 0.42411 0.16516 -0.33015 -0.92612 -0.17909 0.034995
0.47859 0.42634 0.16472 -0.32822 -0.92658 -0.18004 0.036165
0.477 0.4281 0.1645 -0.32653 -0.92719 -0.17989 0.036635
0.47683 0.42794 0.16436 -0.32636 -0.92732 -0.17952 0.036582
0.47683 0.42794 0.16436 -0.32636 -0.92732 -0.17952 0.036582
0.47683 0.42794 0.16436 -0.32636 -0.92732 -0.17952 0.036582
0.475 0.42874 0.16382 -0.32499 -0.92795 -0.17873 0.036751
0.47415 0.42984 0.16374 -0.32375 -0.92833 -0.17895 0.037137
0.47278 0.43105 0.1636 -0.32261 -0.92873 -0.17885 0.037447
0.47278 0.43105 0.1636 -0.32261 -0.92873 -0.17885 0.037447
0.47278 0.43105 0.1636 -0.32261 -0.92873 -0.17885 0.037447
0.47028 0.43114 0.16277 -0.32079 -0.92955 -0.17753 0.038938
0.46755 0.43153 0.16217 -0.31933 -0.9301 -0.17663 0.041676
0.46689 0.43198 0.16226 -0.31811 -0.93048 -0.1766 0.042767
0.46689 0.43198 0.16226 -0.31811 -0.93048 -0.1766 0.042767
0.46689 0.43198 0.16226 -0.31811 -0.93048 -0.1766 0.042767
0.46356 0.43126 0.16127 -0.31609 -0.93134 -0.17493 0.045745
0.45842 0.43174 0.16 -0.31436 -0.93203 -0.17275 0.051513
0.45842 0.43174 0.16 -0.31436 -0.93203 -0.17275 0.051513
0.45637 0.43106 0.15965 -0.31217 -0.93296 -0.17107 0.05355
0.45637 0.43106 0.15965 -0.31217 -0.93296 -0.17107 0.05355
0.45192 0.43064 0.15847 -0.30938 -0.93398 -0.16891 0.058667
0.44961 0.43067 0.15834 -0.30842 -0.93427 -0.16794 0.06171
0.44468 0.43109 0.15792 -0.30506 -0.93527 -0.16621 0.067657
0.44468 0.43109 0.15792 -0.30506 -0.93527 -0.16621 0.067657
0.44468 0.43109 0.15792 -0.30506 -0.93527 -0.16621 0.067657
0.44 0.43 0.15733 -0.30271 -0.9361 -0.16328 0.073617
0.43537 0.42885 0.15684 -0.29945 -0.93711 -0.16051 0.080006
0.43273 0.42931 0.15703 -0.29847 -0.9372 -0.15989 0.083669
0.43273 0.42931 0.15703 -0.29847 -0.9372 -0.15989 0.083669
0.43273 0.42931 0.15703 -0.29847 -0.9372 -0.15989 0.083669
0.42852 0.42892 0.15671 -0.29648 -0.93751 -0.15838 0.089972
0.42697 0.42871 0.15697 -0.29487 -0.93797 -0.15713 0.092635
0.42454 0.42898 0.15717 -0.29402 -0.93795 -0.15671 0.096091
0.42249 0.42843 0.15667 -0.29257 -0.93837 -0.15538 0.098589
0.42249 0.42843 0.15667 -0.29257 -0.93837 -0.15538 0.098589
0.41843 0.42922 0.15757 -0.29071 -0.93834 -0.15472 0.1052
0.41692 0.42853 0.15723 -0.28962 -0.93861 -0.15355 0.10744
0.41243 0.42877 0.15755 -0.28702 -0.93897 -0.15198 0.11343
0.41243 0.42877 0.15755 -0.28702 -0.93897 -0.15198 0.11343
0.41243 0.42877 0.15755 -0.28702 -0.93897 -0.15198 0.11343
0.41243 0.42877 0.15755 -0.28702 -0.93897 -0.15198 0.11343
0.40681 0.4273 0.15701 -0.28426 -0.93942 -0.14843 0.12108
0.40456 0.42608 0.15696 -0.2829 -0.9396 -0.1468 0.12477
0.40456 0.42608 0.15696 -0.2829 -0.9396 -0.1468 0.12477
0.40456 0.42608 0.15696 -0.2829 -0.9396 -0.1468 0.12477
0.39928 0.42431 0.15685 -0.28074 -0.93981 -0.14335 0.13187
0.39928 0.42431 0.15685 -0.28074 -0.93981 -0.14335 0.13187
0.3977 0.42443 0.15691 -0.28009 -0.93962 -0.14343 0.1345
0.39622 0.42379 0.15701 -0.27972 -0.9397 -0.14194 0.13631
0.39622 0.42379 0.15701 -0.27972 -0.9397 -0.14194 0.13631
0.39622 0.42379 0.15701 -0.27972 -0.9397 -0.14194 0.13631
0.38991 0.42168 0.15635 -0.27553 -0.94052 -0.13702 0.14401
0.3884 0.4199 0.15573 -0.27498 -0.94065 -0.13496 0.14609
0.3884 0.4199 0.15573 -0.27498 -0.94065 -0.13496 0.14609
0.3884 0.4199 0.15573 -0.27498 -0.94065 -0.13496 0.14609
0.3857 0.41874 0.15555 -0.27365 -0.94086 -0.13297 0.14908
0.38424 0.41748 0.155 -0.27301 -0.94105 -0.13097 0.15077
0.38333 0.41658 0.15493 -0.27278 -0.94102 -0.13003 0.15222
0.38209 0.41732 0.15562 -0.27174 -0.94106 -0.12977 0.15401
0.38209 0.41732 0.15562 -0.27174 -0.94106 -0.12977 0.15401
0.38209 0.41732 0.15562 -0.27174 -0.94106 -0.12977 0.15401
0.38019 0.41555 0.15505 -0.27067 -0.94131 -0.12736 0.15639
0.3779 0.41475 0.15522 -0.26905 -0.94157 -0.12536 0.15917
0.37662 0.41361 0.15488 -0.26862 -0.94166 -0.1236 0.16074
0.37542 0.4132 0.15479 -0.26796 -0.94176 -0.12287 0.16186
0.37542 0.4132 0.15479 -0.26796 -0.94176 -0.12287 0.16186
0.37332 0.41097 0.15448 -0.26613 -0.94228 -0.11952 0.16429
0.37211 0.4103 0.15429 -0.26565 -0.94225 -0.1185 0.16597
0.37068 0.4094 0.15395 -0.26563 -0.9421 -0.11724 0.16775
0.36947 0.40822 0.15394 -0.26499 -0.94227 -0.11543 0.16905
0.36947 0.40822 0.15394 -0.26499 -0.94227 -0.11543 0.16905
0.36679 0.40677 0.15361 -0.2634 -0.94251 -0.11277 0.17198
0.36579 0.40591 0.15346 -0.26158 -0.94301 -0.11091 0.17322
0.36334 0.40415 0.15285 -0.26061 -0.94311 -0.1084 0.17569
0.36334 0.40415 0.15285 -0.26061 -0.94311 -0.1084 0.17569
0.36334 0.40415 0.15285 -0.26061 -0.94311 -0.1084 0.17569
0.36171 0.40193 0.15246 -0.26012 -0.94321 -0.10552 0.17763
0.36091 0.39991 0.1521 -0.25836 -0.94391 -0.10263 0.17821
0.35954 0.39822 0.15145 -0.25823 -0.94391 -0.10056 0.17957
0.35954 0.39822 0.15145 -0.25823 -0.94391 -0.10056 0.17957
0.35954 0.39822 0.15145 -0.25823 -0.94391 -0.10056 0.17957
0.35857 0.39597 0.15079 -0.25816 -0.94413 -0.098077 0.17988
0.35724 0.39476 0.1502 -0.25722 -0.94432 -0.096112 0.18125
0.35681 0.39412 0.15032 -0.25532 -0.94507 -0.094242 0.18102
0.35681 0.39412 0.15032 -0.25532 -0.94507 -0.094242 0.18102
0.35681 0.39412 0.15032 -0.25532 -0.94507 -0.094242 0.18102
0.35669 0.3909 0.14973 -0.25607 -0.94501 -0.091395 0.18176
0.35635 0.38853 0.14902 -0.2553 -0.9454 -0.088757 0.18212
0.357 0.38625 0.14861 -0.2562 -0.94543 -0.087067 0.18152
0.357 0.38625 0.14861 -0.2562 -0.94543 -0.087067 0.18152
0.357 0.38625 0.14861 -0.2562 -0.94543 -0.087067 0.18152
0.357 0.38625 0.14861 -0.2562 -0.94543 -0.087067 0.18152
0.35665 0.38273 0.14809 -0.2553 -0.94585 -0.082945 0.18253
0.35678 0.38148 0.14809 -0.25665 -0.94552 -0.082194 0.18265
0.35674 0.37896 0.14716 -0.25578 -0.94609 -0.079579 0.18208
0.35674 0.37896 0.14716 -0.25578 -0.94609 -0.079579 0.18208
0.35762 0.37683 0.14739 -0.25675 -0.9459 -0.077713 0.18253
0.35775 0.377 0.14793 -0.25483 -0.94652 -0.076998 0.18232
0.35738 0.37466 0.14732 -0.25551 -0.9464 -0.075106 0.18276
0.35798 0.37367 0.14736 -0.25624 -0.94627 -0.074361 0.18271
0.35798 0.37367 0.14736 -0.25624 -0.94627 -0.074361 0.18271
0.35798 0.37367 0.14736 -0.25624 -0.94627 -0.074361 0.18271
0.35831 0.36803 0.14691 -0.25641 -0.9464 -0.069024 0.18387
0.3587 0.36702 0.14724 -0.25629 -0.94654 -0.068004 0.18372
0.3587 0.36702 0.14724 -0.25629 -0.94654 -0.068004 0.18372
0.3587 0.36702 0.14724 -0.25629 -0.94654 -0.068004 0.18372
0.3587 0.36702 0.14724 -0.25629 -0.94654 -0.068004 0.18372
0.36014 0.36065 0.14694 -0.25644 -0.94677 -0.062531 0.18424
0.36014 0.36065 0.14694 -0.25644 -0.94677 -0.062531 0.18424
0.36041 0.3589 0.14682 -0.25626 -0.947 -0.060734 0.18396
0.36041 0.3589 0.14682 -0.25626 -0.947 -0.060734 0.18396
0.361 0.35555 0.14675 -0.25711 -0.94686 -0.057972 0.18439
0.36239 0.353 0.14707 -0.25741 -0.94695 -0.055791 0.18415
0.36239 0.353 0.14707 -0.25741 -0.94695 -0.055791 0.18415
0.36121 0.35022 0.14625 -0.2574 -0.94685 -0.052957 0.18551
0.36121 0.35022 0.14625 -0.2574 -0.94685 -0.052957 0.18551
0.36155 0.34691 0.14622 -0.2576 -0.94678 -0.050204 0.18634
0.3622 0.34532 0.14616 -0.25844 -0.94679 -0.048506 0.18561
0.36245 0.34289 0.14617 -0.25769 -0.94699 -0.046658 0.1861
0.36239 0.34202 0.14596 -0.25733 -0.94724 -0.045031 0.18574
0.36239 0.34202 0.14596 -0.25733 -0.94724 -0.045031 0.18574
0.36236 0.33779 0.1457 -0.25872 -0.94677 -0.041705 0.18696
0.36293 0.33426 0.14608 -0.2569 -0.9474 -0.037549 0.18716
0.36217 0.3331 0.14602 -0.25664 -0.94741 -0.035614 0.18783
0.36217 0.3331 0.14602 -0.25664 -0.94741 -0.035614 0.18783
0.36217 0.3331 0.14602 -0.25664 -0.94741 -0.035614 0.18783
0.36206 0.32982 0.14566 -0.25673 -0.94734 -0.032653 0.18863
0.36249 0.3277 0.14561 -0.25702 -0.94738 -0.031058 0.18828
0.36261 0.32644 0.14602 -0.25702 -0.94736 -0.029298 0.18868
0.36193 0.32482 0.14558 -0.25601 -0.94759 -0.027262 0.18918
0.36193 0.32482 0.14558 -0.25601 -0.94759 -0.027262 0.18918
0.36234 0.32188 0.14593 -0.25562 -0.94775 -0.024086 0.18934
0.36202 0.3188 0.14573 -0.25378 -0.94816 -0.020512 0.19017
0.36202 0.3188 0.14573 -0.25378 -0.94816 -0.020512 0.19017
0.36164 0.31763 0.14599 -0.25421 -0.94797 -0.01905 0.19069
0.36164 0.31763 0.14599 -0.25421 -0.94797 -0.01905 0.19069
0.36235 0.31453 0.14622 -0.25387 -0.94821 -0.015637 0.19029
0.36221 0.31234 0.14572 -0.25342 -0.94832 -0.013776 0.19048
0.36174 0.3104 0.14612 -0.25202 -0.94857 -0.010951 0.19125
0.36174 0.3104 0.14612 -0.25202 -0.94857 -0.010951 0.19125
0.36174 0.3104 0.14612 -0.25202 -0.94857 -0.010951 0.19125
0.36174 0.3104 0.14612 -0.25202 -0.94857 -0.010951 0.19125
0.36174 0.30762 0.14634 -0.25158 -0.94861 -0.0078427 0.19181
0.36168 0.30496 0.14628 -0.2514 -0.94866 -0.0050116 0.19187
0.36168 0.30496 0.14628 -0.2514 -0.94866 -0.0050116 0.19187
0.36168 0.30496 0.14628 -0.2514 -0.94866 -0.0050116 0.19187
0.36168 0.30496 0.14628 -0.2514 -0.94866 -0.0050116 0.19187
0.36149 0.3011 0.14632 -0.25146 -0.94843 -0.0011542 0.19297
0.36159 0.29966 0.1464 -0.25198 -0.94832 0.00032476 0.19285
0.36159 0.29966 0.1464 -0.25198 -0.94832 0.00032476 0.19285
0.36159 0.29966 0.1464 -0.25198 -0.94832 0.00032476 0.19285
0.36134 0.29749 0.14615 -0.25079 -0.94851 0.0025408 0.19348
0.36178 0.29615 0.14626 -0.2523 -0.94807 0.0030542 0.19365
0.36282 0.29392 0.14632 -0.25223 -0.9482 0.0048131 0.19308
0.36282 0.29392 0.14632 -0.25223 -0.9482 0.0048131 0.19308
0.36282 0.29392 0.14632 -0.25223 -0.9482 0.0048131 0.19308
0.36386 0.29477 0.14706 -0.2529 -0.94797 0.0034208 0.19335
0.36403 0.29194 0.14646 -0.25394 -0.94766 0.0050946 0.19347
0.3642 0.29054 0.14618 -0.25523 -0.94728 0.0054094 0.1936
0.3642 0.29054 0.14618 -0.25523 -0.94728 0.0054094 0.1936
0.3642 0.29054 0.14618 -0.25523 -0.94728 0.0054094 0.1936
0.36557 0.28997 0.1467 -0.25589 -0.94727 0.0054741 0.19278
0.36556 0.28867 0.14574 -0.25688 -0.94706 0.0056092 0.19251
0.36556 0.28867 0.14574 -0.25688 -0.94706 0.0056092 0.19251
0.36738 0.28917 0.14576 -0.25763 -0.94712 0.0041818 0.19125
0.36738 0.28917 0.14576 -0.25763 -0.94712 0.0041818 0.19125
0.36984 0.28668 0.1454 -0.25879 -0.94742 0.005234 0.18812
0.37307 0.28554 0.14508 -0.25992 -0.94776 0.0049051 0.18487
0.37377 0.28485 0.14485 -0.26033 -0.94793 0.0051711 0.18341
0.37377 0.28485 0.14485 -0.26033 -0.94793 0.0051711 0.18341
0.37377 0.28485 0.14485 -0.26033 -0.94793 0.0051711 0.18341
0.37497 0.28265 0.14332 -0.2614 -0.94815 0.0064014 0.18068
0.37716 0.28253 0.14338 -0.26256 -0.94822 0.005677 0.17861
0.37947 0.2808 0.14226 -0.26295 -0.94886 0.0063231 0.17458
0.37947 0.2808 0.14226 -0.26295 -0.94886 0.0063231 0.17458
0.37947 0.2808 0.14226 -0.26295 -0.94886 0.0063231 0.17458
0.38326 0.27965 0.14153 -0.26406 -0.9495 0.0063913 0.16936
0.38561 0.27763 0.14038 -0.26483 -0.95013 0.0073375 0.1645
0.3879 0.27718 0.14012 -0.26445 -0.95077 0.0073999 0.16138
0.3879 0.27718 0.14012 -0.26445 -0.95077 0.0073999 0.16138
0.3879 0.27718 0.14012 -0.26445 -0.95077 0.0073999 0.16138
0.39101 0.27535 0.13902 -0.2659 -0.9512 0.0076953 0.15638
0.39494 0.27651 0.13899 -0.26598 -0.95204 0.0063409 0.15112
0.39708 0.27442 0.13897 -0.2664 -0.9524 0.0076787 0.14802
0.39708 0.27442 0.13897 -0.2664 -0.9524 0.0076787 0.14802
0.39708 0.27442 0.13897 -0.2664 -0.9524 0.0076787 0.14802
0.40016 0.27567 0.13884 -0.2668 -0.95298 0.0059996 0.14357
0.40235 0.27563 0.13938 -0.26667 -0.95342 0.0058078 0.14085
0.40443 0.27671 0.13963 -0.2666 -0.95378 0.0046144 0.13862
0.40619 0.27758 0.13981 -0.26593 -0.95431 0.004036 0.13621
0.40619 0.27758 0.13981 -0.26593 -0.95431 0.004036 0.13621
0.41034 0.27692 0.14019 -0.26734 -0.95462 0.0033622 0.13124
0.41314 0.27867 0.14085 -0.26683 -0.95528 0.0019937 0.12745
0.41555 0.2785 0.14128 -0.26703 -0.95561 0.0014799 0.12451
0.41555 0.2785 0.14128 -0.26703 -0.95561 0.0014799 0.12451
0.41555 0.2785 0.14128 -0.26703 -0.95561 0.0014799 0.12451
0.41883 0.28083 0.14217 -0.26775 -0.95581 -0.0010761 0.1214
0.42261 0.28283 0.14339 -0.2659 -0.95694 -0.002486 0.11645
0.42383 0.28232 0.14332 -0.26659 -0.95697 -0.0025533 0.11457
0.42383 0.28232 0.14332 -0.26659 -0.95697 -0.0025533 0.11457
0.42383 0.28232 0.14332 -0.26659 -0.95697 -0.0025533 0.11457
0.42765 0.2837 0.14437 -0.2663 -0.95758 -0.0036707 0.11005
0.43038 0.28483 0.14496 -0.26575 -0.95814 -0.0048347 0.1064
0.43038 0.28483 0.14496 -0.26575 -0.95814 -0.0048347 0.1064
0.43151 0.28604 0.14566 -0.26594 -0.95818 -0.0059905 0.1055
0.43151 0.28604 0.14566 -0.26594 -0.95818 -0.0059905 0.1055
0.43151 0.28604 0.14566 -0.26594 -0.95818 -0.0059905 0.1055
0.43757 0.2886 0.14742 -0.26571 -0.95903 -0.0086817 0.09793
0.43939 0.28888 0.14789 -0.26638 -0.95905 -0.0092009 0.095856
0.43939 0.28888 0.14789 -0.26638 -0.95905 -0.0092009 0.095856
0.43939 0.28888 0.14789 -0.26638 -0.95905 -0.0092009 0.095856
0.44129 0.28869 0.14806 -0.26607 -0.95944 -0.0090158 0.092781
0.44474 0.29065 0.14912 -0.2651 -0.96007 -0.010984 0.088704
0.44647 0.29098 0.14944 -0.26525 -0.96024 -0.011637 0.08633
0.44647 0.29098 0.14944 -0.26525 -0.96024 -0.011637 0.08633
0.44647 0.29098 0.14944 -0.26525 -0.96024 -0.011637 0.08633
0.44934 0.29199 0.14997 -0.26585 -0.96038 -0.012923 0.082668
0.45197 0.2916 0.15041 -0.26614 -0.96063 -0.012708 0.078718
0.45197 0.2916 0.15041 -0.26614 -0.96063 -0.012708 0.078718
0.4533 0.29224 0.15073 -0.26486 -0.96117 -0.012961 0.076363
0.4533 0.29224 0.15073 -0.26486 -0.96117 -0.012961 0.076363
0.4533 0.29224 0.15073 -0.26486 -0.96117 -0.012961 0.076363
0.45871 0.29364 0.15204 -0.26584 -0.96142 -0.014659 0.069187
0.46098 0.2952 0.15323 -0.26611 -0.96144 -0.016542 0.067392
0.46098 0.2952 0.15323 -0.26611 -0.96144 -0.016542 0.067392
0.46098 0.2952 0.15323 -0.26611 -0.96144 -0.016542 0.067392
0.46345 0.29693 0.15389 -0.2652 -0.96187 -0.018208 0.064431
0.46345 0.29693 0.15389 -0.2652 -0.96187 -0.018208 0.064431
0.46514 0.29789 0.15486 -0.26479 -0.96216 -0.018629 0.061616
0.46514 0.29789 0.15486 -0.26479 -0.96216 -0.018629 0.061616
0.46514 0.29789 0.15486 -0.26479 -0.96216 -0.018629 0.061616
0.46514 0.29789 0.15486 -0.26479 -0.96216 -0.018629 0.061616
0.46648 0.30265 0.157 -0.26305 -0.9627 -0.021084 0.059718
0.46648 0.30265 0.157 -0.26305 -0.9627 -0.021084 0.059718
0.46542 0.30368 0.15685 -0.26179 -0.96302 -0.020974 0.060098
0.46542 0.30368 0.15685 -0.26179 -0.96302 -0.020974 0.060098
0.4663 0.30602 0.15794 -0.2608 -0.96333 -0.022301 0.059054
0.46591 0.3067 0.15806 -0.25997 -0.96353 -0.022458 0.059331
0.46589 0.30984 0.15898 -0.25813 -0.96402 -0.024004 0.058856
0.46589 0.30984 0.15898 -0.25813 -0.96402 -0.024004 0.058856
0.46589 0.30984 0.15898 -0.25813 -0.96402 -0.024004 0.058856
0.46589 0.30984 0.15898 -0.25813 -0.96402 -0.024004 0.058856
0.46561 0.31239 0.16017 -0.25739 -0.96418 -0.025221 0.058884
0.46515 0.31416 0.1607 -0.25587 -0.96461 -0.025338 0.058515
0.46515 0.31416 0.1607 -0.25587 -0.96461 -0.025338 0.058515
0.46515 0.31416 0.1607 -0.25587 -0.96461 -0.025338 0.058515
0.46525 0.31715 0.16178 -0.25284 -0.96544 -0.026125 0.057606
0.46516 0.31934 0.16252 -0.25173 -0.96574 -0.02718 0.056885
0.46506 0.32026 0.16273 -0.25238 -0.96552 -0.027811 0.057426
0.46506 0.32026 0.16273 -0.25238 -0.96552 -0.027811 0.057426
0.46506 0.32026 0.16273 -0.25238 -0.96552 -0.027811 0.057426
0.46348 0.32284 0.16296 -0.25038 -0.96599 -0.028494 0.057973
0.46322 0.32238 0.16296 -0.24913 -0.9664 -0.027302 0.057088
0.46251 0.32531 0.1636 -0.247 -0.96687 -0.028618 0.057704
0.46251 0.32531 0.1636 -0.247 -0.96687 -0.028618 0.057704
0.46251 0.32531 0.1636 -0.247 -0.96687 -0.028618 0.057704
0.46251 0.32531 0.1636 -0.247 -0.96687 -0.028618 0.057704
0.46156 0.33048 0.16489 -0.24357 -0.96777 -0.030149 0.056474
0.45996 0.3304 0.16414 -0.24426 -0.96752 -0.029746 0.057957
0.45996 0.3304 0.16414 -0.24426 -0.96752 -0.029746 0.057957
0.45996 0.3304 0.16414 -0.24426 -0.96752 -0.029746 0.057957
0.45996 0.3304 0.16414 -0.24426 -0.96752 -0.029746 0.057957
0.45917 0.33195 0.16449 -0.2416 -0.96826 -0.02919 0.057081
0.4574 0.33407 0.16455 -0.2391 -0.96881 -0.029495 0.058086
0.4574 0.33407 0.16455 -0.2391 -0.96881 -0.029495 0.058086
0.4574 0.33407 0.16455 -0.2391 -0.96881 -0.029495 0.058086
0.45586 0.33687 0.1648 -0.23583 -0.96964 -0.029472 0.057522
0.45473 0.33721 0.16419 -0.2353 -0.96974 -0.029419 0.058101
0.4547 0.33803 0.16454 -0.23388 -0.97015 -0.028835 0.057178
0.4547 0.33803 0.16454 -0.23388 -0.97015 -0.028835 0.057178
0.4547 0.33803 0.16454 -0.23388 -0.97015 -0.028835 0.057178
0.4547 0.33803 0.16454 -0.23388 -0.97015 -0.028835 0.057178
0.45215 0.34067 0.16459 -0.23096 -0.97081 -0.028575 0.058048
0.45131 0.34136 0.16447 -0.2295 -0.97119 -0.028067 0.057679
0.45131 0.34136 0.16447 -0.2295 -0.97119 -0.028067 0.057679
0.45131 0.34136 0.16447 -0.2295 -0.97119 -0.028067 0.057679
0.45131 0.34136 0.16447 -0.2295 -0.97119 -0.028067 0.057679
0.44891 0.34316 0.16384 -0.22825 -0.97145 -0.028013 0.058314
0.44797 0.34626 0.16463 -0.22596 -0.97193 -0.029181 0.058723
0.44797 0.34626 0.16463 -0.22596 -0.97193 -0.029181 0.058723
0.44797 0.34626 0.16463 -0.22596 -0.97193 -0.029181 0.058723
0.4469 0.34736 0.16486 -0.2241 -0.97241 -0.028519 0.05811
0.44599 0.34668 0.16394 -0.22457 -0.97227 -0.028062 0.058929
0.4451 0.34684 0.16373 -0.22338 -0.97256 -0.027289 0.059093
0.4451 0.34684 0.16373 -0.22338 -0.97256 -0.027289 0.059093
0.4451 0.34684 0.16373 -0.22338 -0.97256 -0.027289 0.059093
0.44497 0.34754 0.16398 -0.22134 -0.9731 -0.026834 0.057958
0.44474 0.3489 0.16421 -0.22107 -0.97313 -0.027649 0.058176
0.44474 0.3489 0.16421 -0.22107 -0.97313 -0.027649 0.058176
0.44525 0.34842 0.16434 -0.22036 -0.97333 -0.027264 0.05765
0.44525 0.34842 0.16434 -0.22036 -0.97333 -0.027264 0.05765
0.44451 0.34904 0.16443 -0.22044 -0.9733 -0.027379 0.057805
0.44369 0.35041 0.16453 -0.22009 -0.97329 -0.02836 0.058816
0.44401 0.35042 0.16443 -0.21972 -0.97341 -0.028181 0.058267
0.44401 0.35042 0.16443 -0.21972 -0.97341 -0.028181 0.058267
0.44401 0.35042 0.16443 -0.21972 -0.97341 -0.028181 0.058267
0.44401 0.35042 0.16443 -0.21972 -0.97341 -0.028181 0.058267
0.44352 0.35051 0.1644 -0.21906 -0.97355 -0.027821 0.058622
0.44292 0.35056 0.16414 -0.21857 -0.97369 -0.027317 0.058379
0.44372 0.35083 0.16441 -0.21928 -0.97351 -0.028095 0.058333
0.44372 0.35083 0.16441 -0.21928 -0.97351 -0.028095 0.058333
0.44382 0.35035 0.16439 -0.21867 -0.9737 -0.02731 0.05789
0.4434 0.35045 0.16421 -0.21894 -0.9736 -0.027526 0.058459
0.44391 0.35208 0.16476 -0.21852 -0.97367 -0.028942 0.058122
0.44391 0.35208 0.16476 -0.21852 -0.97367 -0.028942 0.058122
0.44391 0.35208 0.16476 -0.21852 -0.97367 -0.028942 0.058122
0.44341 0.35131 0.16464 -0.21861 -0.97367 -0.027891 0.058356
0.44341 0.35131 0.16464 -0.21861 -0.97367 -0.027891 0.058356
0.4426 0.35017 0.16416 -0.22014 -0.97328 -0.027364 0.059237
0.4426 0.35017 0.16416 -0.22014 -0.97328 -0.027364 0.059237
0.4426 0.35017 0.16416 -0.22014 -0.97328 -0.027364 0.059237
0.4426 0.35017 0.16416 -0.22014 -0.97328 -0.027364 0.059237
0.44131 0.35137 0.16433 -0.21989 -0.97314 -0.028453 0.061957
0.44107 0.3529 0.16559 -0.21953 -0.9731 -0.02965 0.063353
0.44107 0.3529 0.16559 -0.21953 -0.9731 -0.02965 0.063353
0.44107 0.3529 0.16559 -0.21953 -0.9731 -0.02965 0.063353
0.44107 0.3529 0.16559 -0.21953 -0.9731 -0.02965 0.063353
0.43748 0.35318 0.16533 -0.21886 -0.97294 -0.029106 0.06815
0.43668 0.35429 0.16667 -0.21916 -0.97258 -0.03062 0.0715
0.43668 0.35429 0.16667 -0.21916 -0.97258 -0.03062 0.0715
0.43668 0.35429 0.16667 -0.21916 -0.97258 -0.03062 0.0715
0.43668 0.35429 0.16667 -0.21916 -0.97258 -0.03062 0.0715
0.43391 0.35742 0.17019 -0.22041 -0.97171 -0.03315 0.07804
0.43328 0.35756 0.17101 -0.22091 -0.9715 -0.03351 0.079116
0.43328 0.35756 0.17101 -0.22091 -0.9715 -0.03351 0.079116
0.43328 0.35756 0.17101 -0.22091 -0.9715 -0.03351 0.079116
0.4315 0.35808 0.17456 -0.22371 -0.97045 -0.034736 0.083508
0.43146 0.35869 0.17615 -0.22455 -0.97015 -0.03545 0.084495
0.4312 0.35844 0.17726 -0.22645 -0.9696 -0.035755 0.085588
0.4312 0.35844 0.17726 -0.22645 -0.9696 -0.035755 0.085588
0.4312 0.35844 0.17726 -0.22645 -0.9696 -0.035755 0.085588
0.4312 0.35844 0.17726 -0.22645 -0.9696 -0.035755 0.085588
0.42951 0.35548 0.18091 -0.23087 -0.96828 -0.03451 0.08915
0.43096 0.35213 0.18432 -0.23541 -0.96721 -0.033504 0.089277
0.43096 0.35213 0.18432 -0.23541 -0.96721 -0.033504 0.089277
0.43096 0.35213 0.18432 -0.23541 -0.96721 -0.033504 0.089277
0.43104 0.35007 0.18762 -0.23893 -0.96624 -0.032747 0.0907
0.43156 0.34732 0.19061 -0.24224 -0.96539 -0.031468 0.091351
0.43098 0.34699 0.19195 -0.24293 -0.96515 -0.031328 0.09215
0.43098 0.34699 0.19195 -0.24293 -0.96515 -0.031328 0.09215
0.43098 0.34699 0.19195 -0.24293 -0.96515 -0.031328 0.09215
0.4318 0.34616 0.19609 -0.24611 -0.96426 -0.031767 0.092889
0.43203 0.34576 0.19803 -0.2479 -0.9638 -0.031714 0.092889
0.4326 0.34426 0.20124 -0.24956 -0.9634 -0.030777 0.092888
0.4326 0.34426 0.20124 -0.24956 -0.9634 -0.030777 0.092888
0.4326 0.34426 0.20124 -0.24956 -0.9634 -0.030777 0.092888
0.4326 0.34426 0.20124 -0.24956 -0.9634 -0.030777 0.092888
0.43488 0.34329 0.20947 -0.25412 -0.96225 -0.031039 0.092371
0.43488 0.34329 0.20947 -0.25412 -0.96225 -0.031039 0.092371
0.43481 0.34275 0.21092 -0.25532 -0.96195 -0.030827 0.092299
0.43481 0.34275 0.21092 -0.25532 -0.96195 -0.030827 0.092299
0.43481 0.34275 0.21092 -0.25532 -0.96195 -0.030827 0.092299
0.43696 0.34148 0.21887 -0.25669 -0.96185 -0.029226 0.09006
0.43684 0.34133 0.22021 -0.25775 -0.96157 -0.029008 0.089993
0.43684 0.34133 0.22021 -0.25775 -0.96157 -0.029008 0.089993
0.43684 0.34133 0.22021 -0.25775 -0.96157 -0.029008 0.089993
0.43684 0.34133 0.22021 -0.25775 -0.96157 -0.029008 0.089993
0.43923 0.33987 0.22666 -0.25922 -0.96143 -0.027719 0.087731
0.43985 0.34061 0.23096 -0.25919 -0.96154 -0.027442 0.086615
0.43985 0.34061 0.23096 -0.25919 -0.96154 -0.027442 0.086615
0.43985 0.34061 0.23096 -0.25919 -0.96154 -0.027442 0.086615
0.43985 0.34061 0.23096 -0.25919 -0.96154 -0.027442 0.086615
0.44099 0.33918 0.23671 -0.25996 -0.96143 -0.025711 0.086139
0.44206 0.33907 0.24112 -0.26043 -0.96142 -0.025173 0.084936
0.44206 0.33907 0.24112 -0.26043 -0.96142 -0.025173 0.084936
0.44206 0.33907 0.24112 -0.26043 -0.96142 -0.025173 0.084936
0.44218 0.33967 0.24524 -0.26032 -0.96144 -0.025108 0.085084
0.443 0.33845 0.2468 -0.26073 -0.96144 -0.023854 0.08421
0.44323 0.33859 0.25139 -0.26084 -0.96142 -0.023499 0.084176
0.44323 0.33859 0.25139 -0.26084 -0.96142 -0.023499 0.084176
0.44323 0.33859 0.25139 -0.26084 -0.96142 -0.023499 0.084176
0.44402 0.33884 0.25561 -0.26015 -0.9617 -0.023104 0.083157
0.44491 0.33821 0.25743 -0.26068 -0.96162 -0.022695 0.082535
0.44584 0.33771 0.26181 -0.26089 -0.96168 -0.021797 0.08138
0.44584 0.33771 0.26181 -0.26089 -0.96168 -0.021797 0.08138
0.44584 0.33771 0.26181 -0.26089 -0.96168 -0.021797 0.08138
0.44584 0.33771 0.26181 -0.26089 -0.96168 -0.021797 0.08138
0.44608 0.33824 0.26828 -0.25952 -0.96209 -0.020876 0.081186
0.44569 0.33814 0.27194 -0.25938 -0.96207 -0.020014 0.082146
0.44569 0.33814 0.27194 -0.25938 -0.96207 -0.020014 0.082146
0.44569 0.33814 0.27194 -0.25938 -0.96207 -0.020014 0.082146
0.44569 0.33814 0.27194 -0.25938 -0.96207 -0.020014 0.082146
0.4458 0.33839 0.27877 -0.25816 -0.96239 -0.018983 0.082443
0.44457 0.3382 0.28287 -0.25672 -0.96268 -0.017423 0.083937
0.44457 0.3382 0.28287 -0.25672 -0.96268 -0.017423 0.083937
0.44457 0.3382 0.28287 -0.25672 -0.96268 -0.017423 0.083937
0.44304 0.33884 0.28961 -0.25533 -0.96293 -0.015949 0.085587
0.44213 0.34073 0.29229 -0.25373 -0.96323 -0.016763 0.086736
0.44127 0.3398 0.29379 -0.25253 -0.96348 -0.015448 0.087731
0.44127 0.3398 0.29379 -0.25253 -0.96348 -0.015448 0.087731
0.44127 0.3398 0.29379 -0.25253 -0.96348 -0.015448 0.087731
0.43911 0.34098 0.29801 -0.25164 -0.96352 -0.014653 0.089935
0.43837 0.34021 0.30227 -0.251 -0.96358 -0.013143 0.091348
0.43837 0.34021 0.30227 -0.251 -0.96358 -0.013143 0.091348
0.43825 0.3396 0.3047 -0.25085 -0.96363 -0.012546 0.091258
0.43825 0.3396 0.3047 -0.25085 -0.96363 -0.012546 0.091258
0.43672 0.33939 0.30876 -0.24976 -0.96376 -0.010975 0.09308
0.43554 0.33908 0.31285 -0.24862 -0.96395 -0.0098842 0.094302
0.43554 0.33908 0.31285 -0.24862 -0.96395 -0.0098842 0.094302
0.43562 0.33961 0.31535 -0.24732 -0.9643 -0.0099042 0.094146
0.43562 0.33961 0.31535 -0.24732 -0.9643 -0.0099042 0.094146
0.43465 0.33873 0.31884 -0.24656 -0.96443 -0.0081645 0.094938
0.43462 0.33942 0.32164 -0.24601 -0.96457 -0.0081978 0.094921
0.43473 0.33959 0.32377 -0.24513 -0.96485 -0.0082457 0.094421
0.43517 0.33907 0.32597 -0.24541 -0.96481 -0.0076245 0.094161
0.43517 0.33907 0.32597 -0.24541 -0.96481 -0.0076245 0.094161
0.43517 0.33907 0.32597 -0.24541 -0.96481 -0.0076245 0.094161
0.4341 0.33931 0.3339 -0.24204 -0.9657 -0.0059387 0.093803
0.43417 0.33963 0.33603 -0.24128 -0.96589 -0.00601 0.093838
0.43417 0.33963 0.33603 -0.24128 -0.96589 -0.00601 0.093838
0.43417 0.33963 0.33603 -0.24128 -0.96589 -0.00601 0.093838
0.43333 0.34065 0.34234 -0.23906 -0.9664 -0.0059258 0.094299
0.43356 0.34065 0.34439 -0.23797 -0.9667 -0.0057866 0.094002
0.43487 0.33988 0.34681 -0.2388 -0.9666 -0.0059009 0.092928
0.43487 0.33988 0.34681 -0.2388 -0.9666 -0.0059009 0.092928
0.43487 0.33988 0.34681 -0.2388 -0.9666 -0.0059009 0.092928
0.43487 0.33988 0.34681 -0.2388 -0.9666 -0.0059009 0.092928
0.43426 0.34174 0.3549 -0.23563 -0.9674 -0.0065161 0.092646
0.43426 0.34174 0.3549 -0.23563 -0.9674 -0.0065161 0.092646
0.43526 0.34227 0.35766 -0.23485 -0.96763 -0.0072614 0.092138
0.43526 0.34227 0.35766 -0.23485 -0.96763 -0.0072614 0.092138
0.43695 0.34194 0.36447 -0.23228 -0.96848 -0.0066626 0.089762
0.43817 0.34213 0.36708 -0.23129 -0.96888 -0.0066414 0.087876
0.43789 0.34237 0.36908 -0.23061 -0.96906 -0.0065472 0.08769
0.43789 0.34237 0.36908 -0.23061 -0.96906 -0.0065472 0.08769
0.43789 0.34237 0.36908 -0.23061 -0.96906 -0.0065472 0.08769
0.44151 0.3412 0.3745 -0.2296 -0.96965 -0.0064701 0.083752
0.44334 0.34077 0.37975 -0.22904 -0.96999 -0.0066189 0.081305
0.44439 0.34043 0.38212 -0.22848 -0.97024 -0.0065981 0.079896
0.44439 0.34043 0.38212 -0.22848 -0.97024 -0.0065981 0.079896
0.44439 0.34043 0.38212 -0.22848 -0.97024 -0.0065981 0.079896
0.44656 0.34063 0.38721 -0.2267 -0.97093 -0.0066308 0.076556
0.44931 0.34021 0.39226 -0.22529 -0.97158 -0.006762 0.072367
0.44924 0.34059 0.39443 -0.22524 -0.97162 -0.0070652 0.071921
0.44924 0.34059 0.39443 -0.22524 -0.97162 -0.0070652 0.071921
0.44924 0.34059 0.39443 -0.22524 -0.97162 -0.0070652 0.071921
0.45127 0.34034 0.39907 -0.22363 -0.97223 -0.0067529 0.068708
0.45166 0.33951 0.4026 -0.22251 -0.97258 -0.0059596 0.067455
0.45235 0.33807 0.40472 -0.22216 -0.97274 -0.0052118 0.066346
0.45235 0.33807 0.40472 -0.22216 -0.97274 -0.0052118 0.066346
0.45235 0.33807 0.40472 -0.22216 -0.97274 -0.0052118 0.066346
0.45065 0.33837 0.40843 -0.21968 -0.97332 -0.0038017 0.066155
0.4506 0.33808 0.4098 -0.21924 -0.97348 -0.0030443 0.065331
0.4502 0.3379 0.41111 -0.21881 -0.97359 -0.0028108 0.065105
0.4502 0.3379 0.41111 -0.21881 -0.97359 -0.0028108 0.065105
0.4502 0.3379 0.41111 -0.21881 -0.97359 -0.0028108 0.065105
0.4502 0.3379 0.41111 -0.21881 -0.97359 -0.0028108 0.065105
0.44639 0.33555 0.41323 -0.21671 -0.974 0.0021672 0.065943
0.44506 0.33577 0.41391 -0.21618 -0.97407 0.0024683 0.066707
0.44508 0.3349 0.41416 -0.21563 -0.97421 0.0036758 0.066328
0.44508 0.3349 0.41416 -0.21563 -0.97421 0.0036758 0.066328
0.44508 0.3349 0.41416 -0.21563 -0.97421 0.0036758 0.066328
0.44508 0.3349 0.41416 -0.21563 -0.97421 0.0036758 0.066328
0.44161 0.33358 0.41488 -0.21455 -0.97433 0.0065438 0.067898
0.43959 0.33243 0.41489 -0.21486 -0.97416 0.0082796 0.069134
0.43959 0.33243 0.41489 -0.21486 -0.97416 0.0082796 0.069134
0.43959 0.33243 0.41489 -0.21486 -0.97416 0.0082796 0.069134
0.43801 0.33149 0.41519 -0.21359 -0.97447 0.010979 0.068311
0.43636 0.3316 0.41484 -0.21258 -0.97458 0.011378 0.069864
0.43569 0.33136 0.41479 -0.21279 -0.97453 0.011994 0.069777
0.43569 0.33136 0.41479 -0.21279 -0.97453 0.011994 0.069777
0.43569 0.33136 0.41479 -0.21279 -0.97453 0.011994 0.069777
0.43458 0.33098 0.4153 -0.21313 -0.97442 0.012715 0.070149
0.43399 0.33067 0.41513 -0.21291 -0.97449 0.01337 0.069709
0.43227 0.33183 0.41447 -0.21199 -0.97459 0.013105 0.07123
0.43227 0.33183 0.41447 -0.21199 -0.97459 0.013105 0.07123
0.43227 0.33183 0.41447 -0.21199 -0.97459 0.013105 0.07123
0.43227 0.33183 0.41447 -0.21199 -0.97459 0.013105 0.07123
0.43019 0.33227 0.41502 -0.21188 -0.97459 0.013627 0.07143
0.43019 0.33227 0.41502 -0.21188 -0.97459 0.013627 0.07143
0.42955 0.3322 0.4146 -0.21152 -0.97464 0.014306 0.07159
0.42955 0.3322 0.4146 -0.21152 -0.97464 0.014306 0.07159
0.42844 0.33228 0.41476 -0.2119 -0.97452 0.014428 0.072067
0.42667 0.33319 0.41459 -0.21025 -0.97484 0.015118 0.07247
0.42702 0.33381 0.41572 -0.2102 -0.97496 0.014479 0.071147
0.42702 0.33381 0.41572 -0.2102 -0.97496 0.014479 0.071147
0.42702 0.33381 0.41572 -0.2102 -0.97496 0.014479 0.071147
0.42553 0.33371 0.41473 -0.21009 -0.9749 0.015453 0.072013
0.425 0.33402 0.41482 -0.20965 -0.97499 0.015442 0.072097
0.4247 0.33418 0.41483 -0.21003 -0.97492 0.015297 0.07197
0.4247 0.33418 0.41483 -0.21003 -0.97492 0.015297 0.07197
0.4247 0.33418 0.41483 -0.21003 -0.97492 0.015297 0.07197
0.4247 0.33418 0.41483 -0.21003 -0.97492 0.015297 0.07197
0.42351 0.333 0.4144 -0.20977 -0.97494 0.017211 0.07202
0.4224 0.33366 0.41429 -0.21016 -0.97477 0.01624 0.073403
0.4224 0.33366 0.41429 -0.21016 -0.97477 0.01624 0.073403
0.4224 0.33366 0.41429 -0.21016 -0.97477 0.01624 0.073403
0.42169 0.33359 0.41424 -0.21037 -0.97471 0.016707 0.073589
0.42121 0.33319 0.41378 -0.20969 -0.97485 0.017305 0.073455
0.42053 0.33254 0.41396 -0.21093 -0.97451 0.017787 0.074297
