0.40104 0.33406 0.34499 -0.45197 -0.89203 0.00039677 0.0034144
0.40113 0.33411 0.3439 -0.45344 -0.89128 0.0016484 0.0031912
0.40064 0.33463 0.34217 -0.45427 -0.89085 0.0025282 0.0042771
0.39941 0.33469 0.34019 -0.4557 -0.8901 0.0041805 0.0062153
0.39997 0.33568 0.33927 -0.45707 -0.8894 0.0041689 0.0061276
0.39968 0.33565 0.33802 -0.45903 -0.88838 0.0052917 0.0067638
0.39902 0.33637 0.3368 -0.45937 -0.88819 0.0068738 0.0068527
0.39997 0.337 0.33587 -0.46084 -0.88744 0.0062914 0.0068904
0.39916 0.3363 0.33404 -0.46333 -0.88611 0.0082886 0.0084887
0.39833 0.33499 0.33293 -0.46496 -0.88522 0.011001 0.0087474
0.39882 0.33573 0.33157 -0.46813 -0.88354 0.010571 0.0098574
0.3992 0.33493 0.32996 -0.47003 -0.88252 0.012341 0.0091459
0.39864 0.33516 0.3287 -0.47281 -0.881 0.013157 0.010623
0.39998 0.33438 0.32771 -0.47524 -0.87969 0.013708 0.0099261
0.39896 0.33387 0.32626 -0.47815 -0.87807 0.015454 0.011327
0.39984 0.33259 0.3247 -0.48127 -0.87634 0.016755 0.011015
0.3997 0.33269 0.32379 -0.48421 -0.8747 0.017538 0.011674
0.40007 0.33119 0.32199 -0.48774 -0.87271 0.018878 0.011553
0.40014 0.33031 0.32073 -0.49103 -0.87083 0.020019 0.012175
0.40028 0.32948 0.31889 -0.49389 -0.86917 0.021405 0.012692
0.40029 0.32916 0.31799 -0.49716 -0.86728 0.022112 0.013168
0.40029 0.32916 0.31799 -0.49716 -0.86728 0.022112 0.013168
0.40029 0.32916 0.31799 -0.49716 -0.86728 0.022112 0.013168
0.40143 0.32703 0.31436 -0.50785 -0.86097 0.024769 0.014037
0.40153 0.32578 0.31317 -0.51185 -0.85855 0.026015 0.014909
0.40172 0.32486 0.31177 -0.5151 -0.85658 0.027154 0.0147
0.40172 0.32486 0.31177 -0.5151 -0.85658 0.027154 0.0147
0.40172 0.32486 0.31177 -0.5151 -0.85658 0.027154 0.0147
0.40283 0.32133 0.30786 -0.52732 -0.84899 0.03034 0.015256
0.40309 0.32065 0.30683 -0.5313 -0.84646 0.031244 0.016104
0.40283 0.31956 0.30532 -0.53599 -0.84344 0.032718 0.016116
0.40283 0.31956 0.30532 -0.53599 -0.84344 0.032718 0.016116
0.40283 0.31956 0.30532 -0.53599 -0.84344 0.032718 0.016116
0.40418 0.31829 0.30226 -0.54755 -0.83592 0.033536 0.017227
0.40441 0.31679 0.30081 -0.55133 -0.83338 0.034901 0.017061
0.40527 0.31667 0.29953 -0.55523 -0.8308 0.034705 0.016932
0.40527 0.31667 0.29953 -0.55523 -0.8308 0.034705 0.016932
0.40527 0.31667 0.29953 -0.55523 -0.8308 0.034705 0.016932
0.4056 0.31483 0.29599 -0.56819 -0.82187 0.036726 0.018708
0.40579 0.31409 0.29453 -0.57206 -0.81912 0.037736 0.018988
0.40563 0.3129 0.29327 -0.57694 -0.8156 0.039221 0.019997
0.40563 0.3129 0.29327 -0.57694 -0.8156 0.039221 0.019997
0.40563 0.3129 0.29327 -0.57694 -0.8156 0.039221 0.019997
0.40584 0.31121 0.28938 -0.58738 -0.80797 0.042131 0.019938
0.4063 0.31043 0.28822 -0.59251 -0.80418 0.042331 0.020793
0.40571 0.31026 0.28655 -0.59546 -0.80193 0.043459 0.021176
0.40571 0.31026 0.28655 -0.59546 -0.80193 0.043459 0.021176
0.40571 0.31026 0.28655 -0.59546 -0.80193 0.043459 0.021176
0.40545 0.30922 0.28283 -0.60641 -0.79349 0.046116 0.022698
0.40428 0.30836 0.2808 -0.60922 -0.79119 0.04815 0.023669
0.40519 0.30744 0.27992 -0.6135 -0.78786 0.048454 0.023313
0.40519 0.30744 0.27992 -0.6135 -0.78786 0.048454 0.023313
0.40519 0.30744 0.27992 -0.6135 -0.78786 0.048454 0.023313
0.40402 0.30623 0.2755 -0.6241 -0.77923 0.051897 0.024716
0.40408 0.30552 0.27437 -0.6277 -0.77627 0.052949 0.024467
0.40389 0.30442 0.27226 -0.63038 -0.774 0.054383 0.024051
0.40389 0.30442 0.27226 -0.63038 -0.774 0.054383 0.024051
0.40389 0.30442 0.27226 -0.63038 -0.774 0.054383 0.024051
0.40244 0.303 0.2683 -0.63973 -0.76594 0.058671 0.025274
0.40157 0.30215 0.26623 -0.64282 -0.76317 0.06086 0.025695
0.40105 0.30209 0.26468 -0.64561 -0.76071 0.061575 0.02688
0.40105 0.30209 0.26468 -0.64561 -0.76071 0.061575 0.02688
0.40105 0.30209 0.26468 -0.64561 -0.76071 0.061575 0.02688
0.4003 0.29992 0.25993 -0.65343 -0.75365 0.06596 0.026267
0.39942 0.2985 0.2579 -0.65642 -0.75084 0.068095 0.02672
0.39905 0.29739 0.25645 -0.66053 -0.7471 0.069322 0.027053
0.39905 0.29739 0.25645 -0.66053 -0.7471 0.069322 0.027053
0.39905 0.29739 0.25645 -0.66053 -0.7471 0.069322 0.027053
0.39718 0.29721 0.25132 -0.66621 -0.7416 0.073114 0.029217
0.3964 0.29641 0.24953 -0.66886 -0.73904 0.074744 0.029353
0.39586 0.29593 0.24801 -0.6716 -0.73638 0.076079 0.030211
0.39586 0.29593 0.24801 -0.6716 -0.73638 0.076079 0.030211
0.39586 0.29593 0.24801 -0.6716 -0.73638 0.076079 0.030211
0.39369 0.2941 0.24176 -0.67859 -0.72942 0.080472 0.031506
0.3934 0.29512 0.24054 -0.68037 -0.72767 0.080542 0.033251
0.39239 0.29419 0.23863 -0.6824 -0.7255 0.082594 0.034011
0.39239 0.29419 0.23863 -0.6824 -0.7255 0.082594 0.034011
0.39239 0.29419 0.23863 -0.6824 -0.7255 0.082594 0.034011
0.39065 0.29164 0.23286 -0.68873 -0.7189 0.08698 0.03549
0.3904 0.29162 0.23145 -0.69151 -0.71618 0.087026 0.036387
0.38927 0.29107 0.22941 -0.69297 -0.71445 0.089074 0.037727
0.38927 0.29107 0.22941 -0.69297 -0.71445 0.089074 0.037727
0.38927 0.29107 0.22941 -0.69297 -0.71445 0.089074 0.037727
0.38774 0.28888 0.22396 -0.69883 -0.70817 0.092837 0.038867
0.38665 0.28837 0.22186 -0.70022 -0.70653 0.094309 0.040193
0.3865 0.28702 0.2201 -0.70276 -0.70376 0.095707 0.041082
0.3865 0.28702 0.2201 -0.70276 -0.70376 0.095707 0.041082
0.3865 0.28702 0.2201 -0.70276 -0.70376 0.095707 0.041082
0.38624 0.2846 0.21488 -0.70897 -0.69722 0.097668 0.041263
0.38695 0.28406 0.21362 -0.71115 -0.69507 0.097001 0.041722
0.38774 0.28288 0.21212 -0.7133 -0.69286 0.097261 0.04105
0.38774 0.28288 0.21212 -0.7133 -0.69286 0.097261 0.04105
0.38774 0.28288 0.21212 -0.7133 -0.69286 0.097261 0.04105
0.38882 0.2794 0.2065 -0.71873 -0.68722 0.098059 0.039122
0.3904 0.27886 0.20577 -0.72081 -0.68527 0.09675 0.038396
0.39177 0.27681 0.20375 -0.72355 -0.68254 0.096163 0.036956
0.39177 0.27681 0.20375 -0.72355 -0.68254 0.096163 0.036956
0.39177 0.27681 0.20375 -0.72355 -0.68254 0.096163 0.036956
0.39637 0.27167 0.19948 -0.73069 -0.67547 0.093858 0.03195
0.39758 0.26949 0.19753 -0.7325 -0.67366 0.093401 0.030148
0.39922 0.2686 0.19626 -0.73543 -0.67069 0.091966 0.029312
0.39922 0.2686 0.19626 -0.73543 -0.67069 0.091966 0.029312
0.39922 0.2686 0.19626 -0.73543 -0.67069 0.091966 0.029312
0.40604 0.26415 0.19201 -0.74127 -0.66525 0.086294 0.022611
0.40802 0.26274 0.19055 -0.74377 -0.66273 0.084715 0.020675
0.4104 0.26082 0.18935 -0.74627 -0.66023 0.082641 0.018755
0.4104 0.26082 0.18935 -0.74627 -0.66023 0.082641 0.018755
0.4104 0.26082 0.18935 -0.74627 -0.66023 0.082641 0.018755
0.41765 0.25675 0.18617 -0.75257 -0.65398 0.076174 0.012323
0.41964 0.25468 0.18458 -0.75441 -0.65204 0.074843 0.010137
0.42164 0.25447 0.18366 -0.75529 -0.65129 0.072729 0.0084384
0.42164 0.25447 0.18366 -0.75529 -0.65129 0.072729 0.0084384
0.42164 0.25447 0.18366 -0.75529 -0.65129 0.072729 0.0084384
0.42816 0.25057 0.17994 -0.76056 -0.64588 0.066066 0.0038679
0.43074 0.24973 0.17912 -0.76216 -0.64425 0.063587 0.0020993
0.43213 0.24935 0.17791 -0.76353 -0.64283 0.061581 0.0016528
0.43213 0.24935 0.17791 -0.76353 -0.64283 0.061581 0.0016528
0.43213 0.24935 0.17791 -0.76353 -0.64283 0.061581 0.0016528
0.43655 0.24806 0.17441 0.76554 0.64089 -0.056628 0.001806
0.43809 0.24608 0.17292 0.76596 0.64048 -0.055455 0.0034091
0.43862 0.24533 0.17122 0.76707 0.63922 -0.054758 0.0029017
0.43862 0.24533 0.17122 0.76707 0.63922 -0.054758 0.0029017
0.43862 0.24533 0.17122 0.76707 0.63922 -0.054758 0.0029017
0.44165 0.24639 0.16839 0.76784 0.63868 -0.049915 0.0034804
0.44373 0.24608 0.16803 0.76857 0.63796 -0.047844 0.0044334
0.44377 0.24623 0.16627 0.76775 0.63899 -0.047236 0.0044859
0.44377 0.24623 0.16627 0.76775 0.63899 -0.047236 0.0044859
0.44377 0.24623 0.16627 0.76775 0.63899 -0.047236 0.0044859
0.44697 0.24754 0.16411 0.76755 0.63955 -0.042629 0.005291
0.44757 0.24755 0.16289 0.76766 0.63949 -0.041616 0.0047476
0.44854 0.24768 0.16179 0.7677 0.63953 -0.040251 0.0045728
0.44854 0.24768 0.16179 0.7677 0.63953 -0.040251 0.0045728
0.44854 0.24768 0.16179 0.7677 0.63953 -0.040251 0.0045728
0.4498 0.24987 0.15886 0.76629 0.6414 -0.03734 0.0040681
0.45059 0.24972 0.15823 0.76657 0.6411 -0.036566 0.0045657
0.45103 0.2504 0.15714 0.76626 0.64156 -0.035123 0.0035755
0.45103 0.2504 0.15714 0.76626 0.64156 -0.035123 0.0035755
0.45103 0.2504 0.15714 0.76626 0.64156 -0.035123 0.0035755
0.45216 0.25108 0.15399 0.76602 0.64197 -0.032859 0.0033619
0.45229 0.25281 0.15298 0.76459 0.64373 -0.031866 0.0024749
0.45262 0.25318 0.15171 0.7647 0.64363 -0.030984 0.0019868
0.45262 0.25318 0.15171 0.7647 0.64363 -0.030984 0.0019868
0.45262 0.25318 0.15171 0.7647 0.64363 -0.030984 0.0019868
0.45511 0.25596 0.1498 0.76439 0.64422 -0.026161 0.00095202
0.45469 0.25697 0.14857 0.76403 0.64468 -0.025352 7.6831e-05
0.45558 0.25729 0.14817 -0.76399 -0.64478 0.024044 0.0001804
0.45558 0.25729 0.14817 -0.76399 -0.64478 0.024044 0.0001804
0.45558 0.25729 0.14817 -0.76399 -0.64478 0.024044 0.0001804
0.4577 0.26238 0.14591 -0.76312 -0.64602 0.01762 0.0020677
0.45838 0.26385 0.14536 -0.76324 -0.64592 0.015664 0.0031095
0.45933 0.26445 0.14466 -0.7631 -0.64611 0.014195 0.00308
0.45933 0.26445 0.14466 -0.7631 -0.64611 0.014195 0.00308
0.45933 0.26445 0.14466 -0.7631 -0.64611 0.014195 0.00308
0.46196 0.26963 0.14315 -0.7624 -0.64705 0.0072099 0.004599
0.46283 0.2706 0.14257 -0.76251 -0.64694 0.0052071 0.005068
0.46419 0.27161 0.14236 -0.76256 -0.64689 0.0027005 0.0051229
0.46419 0.27161 0.14236 -0.76256 -0.64689 0.0027005 0.0051229
0.46419 0.27161 0.14236 -0.76256 -0.64689 0.0027005 0.0051229
0.46592 0.27709 0.14086 -0.76197 -0.64756 -0.0037492 0.0072649
0.46784 0.27774 0.14106 -0.76197 -0.64755 -0.0066202 0.0064918
0.46768 0.2786 0.14017 -0.76216 -0.64729 -0.0080867 0.0073701
0.46768 0.2786 0.14017 -0.76216 -0.64729 -0.0080867 0.0073701
0.46768 0.2786 0.14017 -0.76216 -0.64729 -0.0080867 0.0073701
0.47058 0.2836 0.13943 -0.76217 -0.64713 -0.015343 0.0092369
0.47179 0.28412 0.13947 -0.76229 -0.64693 -0.017482 0.0092131
0.47184 0.28683 0.13915 -0.76234 -0.64678 -0.019624 0.011144
0.47184 0.28683 0.13915 -0.76234 -0.64678 -0.019624 0.011144
0.47184 0.28683 0.13915 -0.76234 -0.64678 -0.019624 0.011144
0.47344 0.29142 0.13827 -0.7613 -0.64776 -0.025664 0.012979
0.47435 0.29242 0.13813 -0.76123 -0.64774 -0.027864 0.013718
0.47531 0.29431 0.13843 -0.76068 -0.64826 -0.030631 0.013898
0.47531 0.29431 0.13843 -0.76068 -0.64826 -0.030631 0.013898
0.47531 0.29431 0.13843 -0.76068 -0.64826 -0.030631 0.013898
0.47653 0.30158 0.13887 -0.75829 -0.65058 -0.037724 0.017682
0.47726 0.30306 0.13877 -0.75744 -0.65145 -0.039797 0.017634
0.47645 0.30517 0.13874 -0.75637 -0.65261 -0.040582 0.019164
0.47645 0.30517 0.13874 -0.75637 -0.65261 -0.040582 0.019164
0.47645 0.30517 0.13874 -0.75637 -0.65261 -0.040582 0.019164
0.47723 0.31182 0.13955 -0.75327 -0.65567 -0.046788 0.022034
0.47729 0.31407 0.13949 -0.75218 -0.65674 -0.048676 0.023443
0.47764 0.31599 0.13972 -0.75097 -0.65794 -0.050927 0.024006
0.47764 0.31599 0.13972 -0.75097 -0.65794 -0.050927 0.024006
0.47764 0.31599 0.13972 -0.75097 -0.65794 -0.050927 0.024006
0.47887 0.32161 0.14144 -0.74763 -0.66126 -0.056067 0.025244
0.47834 0.32223 0.14105 -0.74633 -0.66268 -0.056497 0.02571
0.47846 0.32437 0.14122 -0.74538 -0.66358 -0.058103 0.026211
0.47846 0.32437 0.14122 -0.74538 -0.66358 -0.058103 0.026211
0.47846 0.32437 0.14122 -0.74538 -0.66358 -0.058103 0.026211
0.4794 0.33042 0.14288 -0.74131 -0.66754 -0.064002 0.027398
0.47914 0.33231 0.14341 -0.74062 -0.66813 -0.065414 0.02841
0.47918 0.33578 0.14445 -0.73865 -0.67008 -0.067257 0.029282
0.47918 0.33578 0.14445 -0.73865 -0.67008 -0.067257 0.029282
0.47918 0.33578 0.14445 -0.73865 -0.67008 -0.067257 0.029282
0.47785 0.34064 0.14509 -0.73517 -0.67351 -0.070085 0.031547
0.47776 0.34222 0.14552 -0.73352 -0.67518 -0.071298 0.03167
0.47676 0.34524 0.14598 -0.73188 -0.67678 -0.072093 0.033461
0.47676 0.34524 0.14598 -0.73188 -0.67678 -0.072093 0.033461
0.47676 0.34524 0.14598 -0.73188 -0.67678 -0.072093 0.033461
0.47629 0.34974 0.14725 -0.72833 -0.68023 -0.075096 0.034369
0.47558 0.35032 0.14722 -0.72727 -0.68135 -0.075046 0.034668
0.47471 0.35386 0.14791 -0.72571 -0.68278 -0.076354 0.036476
0.47471 0.35386 0.14791 -0.72571 -0.68278 -0.076354 0.036476
0.47471 0.35386 0.14791 -0.72571 -0.68278 -0.076354 0.036476
0.4734 0.35905 0.14935 -0.72173 -0.68657 -0.079405 0.037534
0.47177 0.36087 0.14889 -0.72086 -0.68743 -0.079114 0.039305
0.47161 0.36317 0.14971 -0.71922 -0.68894 -0.080744 0.039595
0.47161 0.36317 0.14971 -0.71922 -0.68894 -0.080744 0.039595
0.47161 0.36317 0.14971 -0.71922 -0.68894 -0.080744 0.039595
0.46963 0.36794 0.15032 -0.71631 -0.6916 -0.083053 0.041262
0.46793 0.37022 0.15007 -0.7146 -0.69329 -0.083187 0.042105
0.46686 0.37095 0.14958 -0.71358 -0.6943 -0.083235 0.042692
0.46686 0.37095 0.14958 -0.71358 -0.6943 -0.083235 0.042692
0.46686 0.37095 0.14958 -0.71358 -0.6943 -0.083235 0.042692
0.46445 0.37662 0.1506 -0.7104 -0.69723 -0.085129 0.044241
0.46315 0.37771 0.15043 -0.70923 -0.69836 -0.085238 0.044979
0.46224 0.37866 0.15046 -0.70765 -0.70005 -0.084884 0.04419
0.46224 0.37866 0.15046 -0.70765 -0.70005 -0.084884 0.04419
0.46224 0.37866 0.15046 -0.70765 -0.70005 -0.084884 0.04419
0.45758 0.38316 0.15054 -0.70486 -0.70268 -0.084228 0.048051
0.45615 0.38479 0.1505 -0.70348 -0.70398 -0.084455 0.048948
0.45418 0.38609 0.15068 -0.70187 -0.70565 -0.083334 0.049896
0.45418 0.38609 0.15068 -0.70187 -0.70565 -0.083334 0.049896
0.45418 0.38609 0.15068 -0.70187 -0.70565 -0.083334 0.049896
0.44887 0.39127 0.1513 -0.69837 -0.70896 -0.082149 0.053925
0.44638 0.39272 0.1511 -0.69803 -0.70927 -0.081226 0.055607
0.44482 0.39351 0.15078 -0.69702 -0.71025 -0.080564 0.056692
0.44482 0.39351 0.15078 -0.69702 -0.71025 -0.080564 0.056692
0.44482 0.39351 0.15078 -0.69702 -0.71025 -0.080564 0.056692
0.43874 0.39762 0.15116 -0.69391 -0.7133 -0.077198 0.061088
0.43655 0.39733 0.15061 -0.69307 -0.7142 -0.075752 0.061856
0.43444 0.39937 0.15059 -0.6921 -0.71506 -0.074731 0.064041
0.43444 0.39937 0.15059 -0.6921 -0.71506 -0.074731 0.064041
0.43444 0.39937 0.15059 -0.6921 -0.71506 -0.074731 0.064041
0.42821 0.40142 0.1504 -0.68909 -0.71803 -0.070396 0.068056
0.42632 0.40304 0.15089 -0.6885 -0.71849 -0.069622 0.069962
0.42326 0.40355 0.15028 -0.68679 -0.72021 -0.067077 0.071464
0.42326 0.40355 0.15028 -0.68679 -0.72021 -0.067077 0.071464
0.42326 0.40355 0.15028 -0.68679 -0.72021 -0.067077 0.071464
0.41831 0.40667 0.15163 -0.68469 -0.72196 -0.063951 0.076693
0.41562 0.40648 0.15073 -0.68377 -0.72286 -0.061022 0.078745
0.41333 0.40627 0.15046 -0.68348 -0.72315 -0.058882 0.080222
0.41333 0.40627 0.15046 -0.68348 -0.72315 -0.058882 0.080222
0.41333 0.40627 0.15046 -0.68348 -0.72315 -0.058882 0.080222
0.40779 0.40792 0.15127 -0.68132 -0.72491 -0.054146 0.085822
0.40476 0.40858 0.15106 -0.68031 -0.72574 -0.05176 0.088293
0.40259 0.40958 0.15152 -0.67953 -0.72629 -0.049868 0.090838
0.40259 0.40958 0.15152 -0.67953 -0.72629 -0.049868 0.090838
0.40259 0.40958 0.15152 -0.67953 -0.72629 -0.049868 0.090838
0.39707 0.40979 0.15186 -0.67777 -0.72769 -0.043969 0.095724
0.39438 0.40915 0.1515 -0.67742 -0.72794 -0.040805 0.097669
0.39265 0.40899 0.15168 -0.6766 -0.72864 -0.038735 0.098959
0.39265 0.40899 0.15168 -0.6766 -0.72864 -0.038735 0.098959
0.39265 0.40899 0.15168 -0.6766 -0.72864 -0.038735 0.098959
0.3869 0.40781 0.15171 -0.67453 -0.73048 -0.030998 0.10223
0.38567 0.40694 0.15191 -0.67497 -0.72998 -0.028402 0.10365
0.38283 0.40767 0.1522 -0.67327 -0.73147 -0.025391 0.10496
0.38283 0.40767 0.1522 -0.67327 -0.73147 -0.025391 0.10496
0.38283 0.40767 0.1522 -0.67327 -0.73147 -0.025391 0.10496
0.37818 0.40282 0.15146 -0.67285 -0.73182 -0.015878 0.10708
0.37693 0.40324 0.15188 -0.67239 -0.73213 -0.014083 0.10803
0.37469 0.40071 0.15142 -0.67218 -0.73237 -0.0098087 0.10828
0.37469 0.40071 0.15142 -0.67218 -0.73237 -0.0098087 0.10828
0.37469 0.40071 0.15142 -0.67218 -0.73237 -0.0098087 0.10828
0.3704 0.39782 0.15193 -0.6707 -0.7335 -0.0014311 0.11017
0.36814 0.39758 0.15202 -0.66963 -0.73423 0.0021054 0.11178
0.36693 0.39683 0.15242 -0.66962 -0.73406 0.004678 0.11288
0.36693 0.39683 0.15242 -0.66962 -0.73406 0.004678 0.11288
0.36693 0.39683 0.15242 -0.66962 -0.73406 0.004678 0.11288
0.36205 0.39374 0.15276 -0.66767 -0.73548 0.013323 0.11451
0.36136 0.39341 0.15338 -0.66856 -0.7344 0.014718 0.11606
0.35979 0.39153 0.15311 -0.66838 -0.73442 0.017944 0.11645
0.35979 0.39153 0.15311 -0.66838 -0.73442 0.017944 0.11645
0.35979 0.39153 0.15311 -0.66838 -0.73442 0.017944 0.11645
0.35489 0.38844 0.1533 -0.66709 -0.73488 0.026913 0.11926
0.35322 0.38821 0.15396 -0.66613 -0.73555 0.029539 0.11986
0.35188 0.38723 0.15399 -0.66621 -0.7351 0.032312 0.12144
0.35188 0.38723 0.15399 -0.66621 -0.7351 0.032312 0.12144
0.35188 0.38723 0.15399 -0.66621 -0.7351 0.032312 0.12144
0.34747 0.38368 0.15441 -0.66514 -0.7354 0.040818 0.1229
0.34668 0.38289 0.15514 -0.66527 -0.73508 0.042882 0.12345
0.34442 0.38161 0.15465 -0.66384 -0.73602 0.046809 0.1241
0.34442 0.38161 0.15465 -0.66384 -0.73602 0.046809 0.1241
0.34442 0.38161 0.15465 -0.66384 -0.73602 0.046809 0.1241
0.34145 0.37718 0.15504 -0.66361 -0.73584 0.054618 0.12319
0.34074 0.37547 0.15517 -0.66349 -0.73572 0.057099 0.12342
0.33939 0.37242 0.15405 -0.66325 -0.7358 0.060797 0.12245
0.33939 0.37242 0.15405 -0.66325 -0.7358 0.060797 0.12245
0.33939 0.37242 0.15405 -0.66325 -0.7358 0.060797 0.12245
0.3371 0.36777 0.15362 -0.66318 -0.73559 0.067617 0.12051
0.33709 0.36499 0.15295 -0.6633 -0.73556 0.069801 0.11884
0.33633 0.36382 0.15251 -0.66251 -0.73619 0.071848 0.11806
0.33633 0.36382 0.15251 -0.66251 -0.73619 0.071848 0.11806
0.33633 0.36382 0.15251 -0.66251 -0.73619 0.071848 0.11806
0.33597 0.35736 0.15085 -0.66305 -0.73587 0.077115 0.11365
0.33497 0.35664 0.15034 -0.66235 -0.73636 0.078949 0.11328
0.33457 0.3543 0.14913 -0.66219 -0.73645 0.081224 0.11202
0.33457 0.3543 0.14913 -0.66219 -0.73645 0.081224 0.11202
0.33457 0.3543 0.14913 -0.66219 -0.73645 0.081224 0.11202
0.33506 0.34752 0.14782 -0.66364 -0.73539 0.085585 0.10702
0.3344 0.34568 0.147 -0.66313 -0.73574 0.087655 0.10612
0.33435 0.34408 0.14658 -0.66308 -0.73585 0.08867 0.10482
0.33435 0.34408 0.14658 -0.66308 -0.73585 0.08867 0.10482
0.33435 0.34408 0.14658 -0.66308 -0.73585 0.08867 0.10482
0.33374 0.33876 0.14471 -0.66289 -0.73603 0.092972 0.10098
0.33359 0.33735 0.14406 -0.66336 -0.73568 0.093784 0.099692
0.33473 0.33557 0.14349 -0.66342 -0.73591 0.094082 0.097241
0.33473 0.33557 0.14349 -0.66342 -0.73591 0.094082 0.097241
0.33473 0.33557 0.14349 -0.66342 -0.73591 0.094082 0.097241
0.33517 0.33015 0.14123 -0.664 -0.73556 0.096847 0.09315
0.3356 0.32804 0.14069 -0.66375 -0.73588 0.098105 0.091067
0.33539 0.32654 0.13979 -0.66367 -0.73597 0.099119 0.089824
0.33539 0.32654 0.13979 -0.66367 -0.73597 0.099119 0.089824
0.33539 0.32654 0.13979 -0.66367 -0.73597 0.099119 0.089824
0.33589 0.32061 0.13782 -0.66389 -0.73596 0.10251 0.08431
0.33655 0.31875 0.1372 -0.66435 -0.73572 0.10306 0.082061
0.33661 0.31636 0.13633 -0.66483 -0.73526 0.10408 0.081036
0.33661 0.31636 0.13633 -0.66483 -0.73526 0.10408 0.081036
0.33661 0.31636 0.13633 -0.66483 -0.73526 0.10408 0.081036
0.33701 0.31167 0.13465 -0.66386 -0.73624 0.10752 0.075312
0.33766 0.31057 0.13481 -0.66405 -0.73616 0.10784 0.073953
0.33801 0.30843 0.13382 -0.66428 -0.73602 0.10862 0.072184
0.33801 0.30843 0.13382 -0.66428 -0.73602 0.10862 0.072184
0.33801 0.30843 0.13382 -0.66428 -0.73602 0.10862 0.072184
0.33883 0.30482 0.13317 -0.66399 -0.7364 0.11074 0.067563
0.33979 0.30227 0.13318 -0.66514 -0.73545 0.11126 0.065762
0.33994 0.30147 0.13329 -0.66457 -0.73601 0.11193 0.064085
0.33994 0.30147 0.13329 -0.66457 -0.73601 0.11193 0.064085
0.33994 0.30147 0.13329 -0.66457 -0.73601 0.11193 0.064085
0.34249 0.29708 0.13334 -0.6658 -0.73533 0.11255 0.057673
0.34339 0.29491 0.13328 -0.6668 -0.73452 0.1128 0.055899
0.34405 0.29255 0.13342 -0.66722 -0.73412 0.11391 0.053976
0.34405 0.29255 0.13342 -0.66722 -0.73412 0.11391 0.053976
0.34405 0.29255 0.13342 -0.66722 -0.73412 0.11391 0.053976
0.34596 0.28844 0.13398 -0.66813 -0.73357 0.11464 0.048246
0.34673 0.28643 0.13435 -0.66882 -0.73296 0.1152 0.046667
0.34732 0.28475 0.13466 -0.66829 -0.73344 0.11626 0.04402
0.34732 0.28475 0.13466 -0.66829 -0.73344 0.11626 0.04402
0.34732 0.28475 0.13466 -0.66829 -0.73344 0.11626 0.04402
0.35066 0.27898 0.13565 -0.67111 -0.7312 0.11666 0.03669
0.35142 0.27875 0.13621 -0.67053 -0.73188 0.11619 0.035304
0.35227 0.27502 0.13602 -0.67209 -0.73035 0.11745 0.032907
0.35227 0.27502 0.13602 -0.67209 -0.73035 0.11745 0.032907
0.35227 0.27502 0.13602 -0.67209 -0.73035 0.11745 0.032907
0.35526 0.27009 0.13736 -0.67323 -0.72955 0.11773 0.025625
0.35694 0.26811 0.13812 -0.67401 -0.72893 0.11771 0.022954
0.35703 0.26615 0.13828 -0.67465 -0.72825 0.11856 0.021038
0.35703 0.26615 0.13828 -0.67465 -0.72825 0.11856 0.021038
0.35703 0.26615 0.13828 -0.67465 -0.72825 0.11856 0.021038
0.36015 0.26071 0.14009 -0.67679 -0.72631 0.11935 0.013931
0.36212 0.25871 0.14102 -0.67709 -0.72612 0.11909 0.01065
0.36293 0.25736 0.1415 -0.67788 -0.72548 0.11872 0.0084178
0.36293 0.25736 0.1415 -0.67788 -0.72548 0.11872 0.0084178
0.36293 0.25736 0.1415 -0.67788 -0.72548 0.11872 0.0084178
0.36669 0.25171 0.14378 -0.68032 -0.72321 0.11889 0.00096741
0.3672 0.25117 0.14413 0.67969 0.72378 -0.11902 0.0011249
0.36953 0.2497 0.14532 0.68057 0.72316 -0.11764 0.0044562
0.36953 0.2497 0.14532 0.68057 0.72316 -0.11764 0.0044562
0.36953 0.2497 0.14532 0.68057 0.72316 -0.11764 0.0044562
0.37293 0.24354 0.14636 0.68265 0.72106 -0.11802 0.011249
0.37374 0.24305 0.14732 0.68319 0.72061 -0.11745 0.013301
0.37513 0.24114 0.1478 0.68387 0.71998 -0.11713 0.015412
0.37513 0.24114 0.1478 0.68387 0.71998 -0.11713 0.015412
0.37513 0.24114 0.1478 0.68387 0.71998 -0.11713 0.015412
0.3794 0.23797 0.14932 0.68439 0.71966 -0.11472 0.023244
0.38025 0.23681 0.14941 0.68496 0.71915 -0.11412 0.025321
0.38247 0.235 0.14975 0.68584 0.71844 -0.11259 0.027999
0.38247 0.235 0.14975 0.68584 0.71844 -0.11259 0.027999
0.38247 0.235 0.14975 0.68584 0.71844 -0.11259 0.027999
0.38701 0.23274 0.15039 0.68579 0.71875 -0.10892 0.034952
0.38833 0.23048 0.15061 0.68721 0.71733 -0.10831 0.038108
0.39003 0.23003 0.15075 0.68681 0.71782 -0.10681 0.040145
0.39003 0.23003 0.15075 0.68681 0.71782 -0.10681 0.040145
0.39003 0.23003 0.15075 0.68681 0.71782 -0.10681 0.040145
0.39513 0.22857 0.15104 0.68763 0.71743 -0.1013 0.046872
0.39735 0.22751 0.15111 0.6871 0.71795 -0.099487 0.050427
0.39941 0.22697 0.15129 0.68789 0.71736 -0.097179 0.052518
0.39941 0.22697 0.15129 0.68789 0.71736 -0.097179 0.052518
0.39941 0.22697 0.15129 0.68789 0.71736 -0.097179 0.052518
0.4047 0.22552 0.15151 0.68736 0.71797 -0.091811 0.060176
0.4069 0.22506 0.15143 0.68756 0.71788 -0.089477 0.062534
0.40867 0.22516 0.15171 0.68699 0.71837 -0.087726 0.065457
0.40867 0.22516 0.15171 0.68699 0.71837 -0.087726 0.065457
0.40867 0.22516 0.15171 0.68699 0.71837 -0.087726 0.065457
0.41454 0.22485 0.1515 0.68681 0.71878 -0.080564 0.071783
0.41624 0.22513 0.15159 0.68733 0.7184 -0.078659 0.07276
0.41818 0.22559 0.15162 0.68709 0.71871 -0.075537 0.075221
0.41818 0.22559 0.15162 0.68709 0.71871 -0.075537 0.075221
0.41818 0.22559 0.15162 0.68709 0.71871 -0.075537 0.075221
0.42427 0.22688 0.1519 0.68698 0.71899 -0.067383 0.081077
0.42601 0.22647 0.15157 0.68729 0.71875 -0.065154 0.082372
0.42841 0.22764 0.15209 0.68646 0.71958 -0.061744 0.08469
0.42841 0.22764 0.15209 0.68646 0.71958 -0.061744 0.08469
0.42841 0.22764 0.15209 0.68646 0.71958 -0.061744 0.08469
0.42841 0.22764 0.15209 0.68646 0.71958 -0.061744 0.08469
0.43579 0.23004 0.15179 0.68584 0.7202 -0.050894 0.091322
0.43745 0.23006 0.15174 0.68698 0.71917 -0.04864 0.092154
0.43745 0.23006 0.15174 0.68698 0.71917 -0.04864 0.092154
0.43745 0.23006 0.15174 0.68698 0.71917 -0.04864 0.092154
0.44271 0.23235 0.15135 0.68654 0.71969 -0.039427 0.0957
0.44386 0.2331 0.15197 0.68634 0.71978 -0.037424 0.09722
0.44695 0.2355 0.15211 0.68666 0.71963 -0.031921 0.098012
0.44695 0.2355 0.15211 0.68666 0.71963 -0.031921 0.098012
0.44695 0.2355 0.15211 0.68666 0.71963 -0.031921 0.098012
0.4515 0.23666 0.1515 0.68702 0.71918 -0.023687 0.1011
0.45322 0.23903 0.15161 0.68732 0.71897 -0.019783 0.10138
0.45484 0.23953 0.1515 0.68805 0.71826 -0.016675 0.10208
0.45484 0.23953 0.1515 0.68805 0.71826 -0.016675 0.10208
0.45484 0.23953 0.1515 0.68805 0.71826 -0.016675 0.10208
0.45916 0.24324 0.15153 0.68783 0.71841 -0.0076512 0.10352
0.45987 0.2443 0.15154 0.68755 0.7187 -0.0057206 0.10347
0.46134 0.2461 0.1512 0.68806 0.71827 -0.0018065 0.10325
0.46134 0.2461 0.1512 0.68806 0.71827 -0.0018065 0.10325
0.46134 0.2461 0.1512 0.68806 0.71827 -0.0018065 0.10325
0.46491 0.24879 0.15135 0.68942 0.71696 0.0063089 0.10308
0.46601 0.25217 0.15189 0.69006 0.7165 0.010551 0.10165
0.46603 0.2518 0.15145 0.69015 0.71638 0.010759 0.10181
0.46603 0.2518 0.15145 0.69015 0.71638 0.010759 0.10181
0.46603 0.2518 0.15145 0.69015 0.71638 0.010759 0.10181
0.46769 0.25804 0.15101 0.6917 0.71539 0.019971 0.096772
0.4684 0.26025 0.15101 0.69159 0.71553 0.02274 0.095868
0.4686 0.26152 0.15079 0.69185 0.71538 0.024974 0.094545
0.4686 0.26152 0.15079 0.69185 0.71538 0.024974 0.094545
0.4686 0.26152 0.15079 0.69185 0.71538 0.024974 0.094545
0.46888 0.26654 0.1505 0.69423 0.71353 0.032043 0.088804
0.46944 0.2699 0.1509 0.69447 0.71343 0.03543 0.086427
0.46892 0.26974 0.15036 0.69482 0.71318 0.035526 0.085675
0.46892 0.26974 0.15036 0.69482 0.71318 0.035526 0.085675
0.46892 0.26974 0.15036 0.69482 0.71318 0.035526 0.085675
0.46709 0.27787 0.14953 0.69585 0.71284 0.04269 0.076353
0.46659 0.28088 0.14966 0.69582 0.71297 0.045025 0.074068
0.46557 0.28292 0.14913 0.69612 0.71289 0.046564 0.070919
0.46557 0.28292 0.14913 0.69612 0.71289 0.046564 0.070919
0.46557 0.28292 0.14913 0.69612 0.71289 0.046564 0.070919
0.46341 0.28933 0.14917 0.69662 0.71273 0.051338 0.06401
0.46227 0.29259 0.14901 0.69628 0.71323 0.053155 0.060566
0.46239 0.29336 0.14957 0.69687 0.71263 0.054488 0.059672
0.46239 0.29336 0.14957 0.69687 0.71263 0.054488 0.059672
0.46239 0.29336 0.14957 0.69687 0.71263 0.054488 0.059672
0.45811 0.2988 0.14869 0.69651 0.71348 0.055703 0.052163
0.45659 0.30026 0.14834 0.69619 0.71399 0.055331 0.049874
0.45511 0.30314 0.14848 0.6957 0.71463 0.056047 0.046625
0.45511 0.30314 0.14848 0.6957 0.71463 0.056047 0.046625
0.45511 0.30314 0.14848 0.6957 0.71463 0.056047 0.046625
0.45016 0.30713 0.14815 0.69496 0.71585 0.054804 0.039892
0.44783 0.30765 0.14784 0.69475 0.71632 0.052953 0.037458
0.44603 0.30891 0.14758 0.69376 0.71744 0.05209 0.03555
0.44603 0.30891 0.14758 0.69376 0.71744 0.05209 0.03555
0.44603 0.30891 0.14758 0.69376 0.71744 0.05209 0.03555
0.43933 0.31127 0.14722 0.69292 0.71892 0.046769 0.02875
0.43714 0.31185 0.14666 0.69188 0.72015 0.044467 0.026616
0.43524 0.31212 0.14681 0.69175 0.72045 0.042715 0.024695
0.43524 0.31212 0.14681 0.69175 0.72045 0.042715 0.024695
0.43524 0.31212 0.14681 0.69175 0.72045 0.042715 0.024695
0.42826 0.31305 0.14598 0.69071 0.72203 0.035573 0.018155
0.42612 0.31332 0.14605 0.68971 0.72314 0.032896 0.016856
0.42406 0.31343 0.14595 0.69013 0.72289 0.030907 0.01407
0.42406 0.31343 0.14595 0.69013 0.72289 0.030907 0.01407
0.42406 0.31343 0.14595 0.69013 0.72289 0.030907 0.01407
0.41825 0.31287 0.14549 0.6891 0.72423 0.023468 0.0094036
0.41578 0.31338 0.1453 0.68889 0.72451 0.021609 0.0067208
0.41375 0.3143 0.14539 0.68856 0.72489 0.02003 0.0043448
0.41375 0.3143 0.14539 0.68856 0.72489 0.02003 0.0043448
0.41375 0.3143 0.14539 0.68856 0.72489 0.02003 0.0043448
0.40888 0.31395 0.14535 -0.68781 -0.72575 -0.014077 0.00020188
0.40668 0.31442 0.14511 -0.68704 -0.72651 -0.012126 0.0018989
0.4057 0.31484 0.14547 -0.68681 -0.72675 -0.011063 0.003251
0.4057 0.31484 0.14547 -0.68681 -0.72675 -0.011063 0.003251
0.4057 0.31484 0.14547 -0.68681 -0.72675 -0.011063 0.003251
0.40071 0.31608 0.14538 -0.68688 -0.72668 -0.0067107 0.0093215
0.39983 0.31561 0.14546 -0.68645 -0.72709 -0.0056886 0.0097924
0.3982 0.31643 0.14512 -0.68549 -0.72798 -0.0043796 0.011281
0.3982 0.31643 0.14512 -0.68549 -0.72798 -0.0043796 0.011281
0.3982 0.31643 0.14512 -0.68549 -0.72798 -0.0043796 0.011281
0.39443 0.31686 0.14532 -0.68521 -0.72819 -0.00070663 0.015042
0.39314 0.31725 0.14535 -0.6848 -0.72854 0.00029702 0.016718
0.39201 0.31776 0.14551 -0.68504 -0.72828 0.0014223 0.018281
0.39201 0.31776 0.14551 -0.68504 -0.72828 0.0014223 0.018281
0.39201 0.31776 0.14551 -0.68504 -0.72828 0.0014223 0.018281
0.38861 0.31903 0.14566 -0.68329 -0.72983 0.0038751 0.021189
0.38726 0.31899 0.14558 -0.68293 -0.73014 0.0053829 0.021683
0.38599 0.31909 0.14527 -0.68287 -0.73014 0.0065636 0.023035
0.38599 0.31909 0.14527 -0.68287 -0.73014 0.0065636 0.023035
0.38599 0.31909 0.14527 -0.68287 -0.73014 0.0065636 0.023035
0.38371 0.31964 0.14525 -0.68242 -0.73047 0.0084034 0.0253
0.38322 0.32082 0.14609 -0.68123 -0.73158 0.0086569 0.025371
0.38208 0.32116 0.14596 -0.68151 -0.73127 0.0090403 0.026701
0.38208 0.32116 0.14596 -0.68151 -0.73127 0.0090403 0.026701
0.38208 0.32116 0.14596 -0.68151 -0.73127 0.0090403 0.026701
0.38057 0.32112 0.14608 -0.68068 -0.73199 0.010775 0.027396
0.37989 0.32115 0.14592 -0.68077 -0.73185 0.011616 0.028351
0.37946 0.32212 0.14601 -0.67993 -0.73261 0.011544 0.02914
0.37946 0.32212 0.14601 -0.67993 -0.73261 0.011544 0.02914
0.37946 0.32212 0.14601 -0.67993 -0.73261 0.011544 0.02914
0.37905 0.32097 0.14554 -0.68079 -0.73179 0.012023 0.02942
0.37918 0.32103 0.14562 -0.68031 -0.73223 0.012583 0.029437
0.37911 0.3203 0.14559 -0.68127 -0.73135 0.012371 0.028966
0.37911 0.3203 0.14559 -0.68127 -0.73135 0.012371 0.028966
0.37911 0.3203 0.14559 -0.68127 -0.73135 0.012371 0.028966
0.37882 0.32126 0.14537 -0.68032 -0.73221 0.012336 0.02958
0.37952 0.32149 0.14607 -0.68009 -0.73248 0.01167 0.028614
0.37897 0.32059 0.14547 -0.68044 -0.73212 0.012948 0.028708
0.37897 0.32059 0.14547 -0.68044 -0.73212 0.012948 0.028708
0.37897 0.32059 0.14547 -0.68044 -0.73212 0.012948 0.028708
0.37906 0.32194 0.14603 -0.67986 -0.73266 0.012 0.029329
0.37921 0.32118 0.14608 -0.68046 -0.73211 0.012129 0.028901
0.37895 0.32221 0.14589 -0.68016 -0.73237 0.01179 0.029733
0.37895 0.32221 0.14589 -0.68016 -0.73237 0.01179 0.029733
0.37895 0.32221 0.14589 -0.68016 -0.73237 0.01179 0.029733
0.37956 0.32179 0.14617 -0.67939 -0.73313 0.011947 0.028309
0.37929 0.32161 0.14582 -0.67988 -0.73267 0.011573 0.028839
0.37966 0.32221 0.1465 -0.68052 -0.73207 0.010916 0.02918
0.37966 0.32221 0.1465 -0.68052 -0.73207 0.010916 0.02918
0.37966 0.32221 0.1465 -0.68052 -0.73207 0.010916 0.02918
0.38018 0.32222 0.1462 -0.67979 -0.73279 0.010834 0.027992
0.38025 0.32124 0.14546 -0.67976 -0.73284 0.011122 0.027288
0.38194 0.32133 0.14615 -0.68069 -0.73204 0.0094206 0.026177
0.38194 0.32133 0.14615 -0.68069 -0.73204 0.0094206 0.026177
0.38194 0.32133 0.14615 -0.68069 -0.73204 0.0094206 0.026177
0.38329 0.32199 0.14608 -0.68065 -0.73217 0.0069862 0.024605
0.38479 0.32078 0.14635 -0.68088 -0.73203 0.0060862 0.022452
0.38501 0.3202 0.146 -0.6819 -0.73107 0.0058478 0.022615
0.38501 0.3202 0.146 -0.6819 -0.73107 0.0058478 0.022615
0.38501 0.3202 0.146 -0.6819 -0.73107 0.0058478 0.022615
0.38893 0.32033 0.14845 -0.68223 -0.73092 0.0014078 0.017759
0.3905 0.32118 0.14976 -0.68325 -0.72998 -0.001004 0.017264
0.3922 0.32043 0.15075 -0.68494 -0.72842 -0.0025082 0.01602
0.3922 0.32043 0.15075 -0.68494 -0.72842 -0.0025082 0.01602
0.3922 0.32043 0.15075 -0.68494 -0.72842 -0.0025082 0.01602
0.39631 0.32115 0.15491 -0.68589 -0.72757 -0.0078285 0.012018
0.39735 0.31992 0.15596 -0.68667 -0.72684 -0.0081865 0.010843
0.3989 0.32064 0.15761 -0.68775 -0.7258 -0.010635 0.010172
0.3989 0.32064 0.15761 -0.68775 -0.7258 -0.010635 0.010172
0.3989 0.32064 0.15761 -0.68775 -0.7258 -0.010635 0.010172
0.40228 0.32035 0.16285 -0.69139 -0.72227 -0.015232 0.0083678
0.40315 0.31902 0.16418 -0.69257 -0.72113 -0.016095 0.007442
0.40377 0.31966 0.16589 -0.69289 -0.7208 -0.017257 0.006782
0.40377 0.31966 0.16589 -0.69289 -0.7208 -0.017257 0.006782
0.40377 0.31966 0.16589 -0.69289 -0.7208 -0.017257 0.006782
0.40592 0.31942 0.1713 -0.69677 -0.71696 -0.02079 0.0070589
0.40653 0.31942 0.17337 -0.69745 -0.71626 -0.021965 0.0069264
0.40739 0.31937 0.17543 -0.69871 -0.715 -0.023143 0.0062472
0.40739 0.31937 0.17543 -0.69871 -0.715 -0.023143 0.0062472
0.40739 0.31937 0.17543 -0.69871 -0.715 -0.023143 0.0062472
0.4075 0.31929 0.1806 -0.70166 -0.71204 -0.024547 0.00819
0.4079 0.31868 0.18247 -0.70223 -0.71147 -0.024913 0.0078416
0.40726 0.31878 0.18398 -0.70331 -0.71039 -0.024755 0.0091077
0.40726 0.31878 0.18398 -0.70331 -0.71039 -0.024755 0.0091077
0.40726 0.31878 0.18398 -0.70331 -0.71039 -0.024755 0.0091077
0.4074 0.3195 0.18971 -0.70669 -0.70692 -0.026717 0.012024
0.40645 0.32004 0.19131 -0.70767 -0.70591 -0.026383 0.013841
0.40654 0.31981 0.19309 -0.70889 -0.70464 -0.027363 0.014652
0.40654 0.31981 0.19309 -0.70889 -0.70464 -0.027363 0.014652
0.40654 0.31981 0.19309 -0.70889 -0.70464 -0.027363 0.014652
0.40544 0.32119 0.19897 -0.71183 -0.70155 -0.028263 0.018427
0.40516 0.32208 0.20108 -0.7124 -0.70089 -0.028952 0.020223
0.40499 0.32227 0.20176 -0.71289 -0.70036 -0.029153 0.020866
0.40499 0.32227 0.20176 -0.71289 -0.70036 -0.029153 0.020866
0.40499 0.32227 0.20176 -0.71289 -0.70036 -0.029153 0.020866
0.40222 0.32371 0.20811 -0.71529 -0.69776 -0.028764 0.025773
0.40093 0.32481 0.20987 -0.71628 -0.69663 -0.02927 0.028201
0.40009 0.32499 0.21125 -0.71613 -0.69676 -0.028792 0.029075
0.40009 0.32499 0.21125 -0.71613 -0.69676 -0.028792 0.029075
0.40009 0.32499 0.21125 -0.71613 -0.69676 -0.028792 0.029075
0.3978 0.32669 0.21745 -0.71839 -0.69423 -0.030082 0.032488
0.39781 0.32718 0.21954 -0.71913 -0.69337 -0.031247 0.033242
0.39684 0.32756 0.22091 -0.71941 -0.69302 -0.03138 0.034359
0.39684 0.32756 0.22091 -0.71941 -0.69302 -0.03138 0.034359
0.39684 0.32756 0.22091 -0.71941 -0.69302 -0.03138 0.034359
0.39601 0.32668 0.22628 -0.72217 -0.69002 -0.032885 0.035601
0.39593 0.32753 0.22837 -0.72284 -0.6892 -0.033966 0.036814
0.39512 0.32716 0.22993 -0.72382 -0.68813 -0.034139 0.037365
0.39512 0.32716 0.22993 -0.72382 -0.68813 -0.034139 0.037365
0.39512 0.32716 0.22993 -0.72382 -0.68813 -0.034139 0.037365
0.39412 0.32648 0.23533 -0.72615 -0.68554 -0.03595 0.038108
0.39402 0.32593 0.23772 -0.72732 -0.68428 -0.036581 0.037893
0.39379 0.32559 0.23921 -0.72773 -0.68382 -0.037142 0.037696
0.39379 0.32559 0.23921 -0.72773 -0.68382 -0.037142 0.037696
0.39379 0.32559 0.23921 -0.72773 -0.68382 -0.037142 0.037696
0.39263 0.32493 0.24452 -0.73037 -0.68086 -0.039717 0.037696
0.39207 0.32408 0.24619 -0.73125 -0.67991 -0.039796 0.037581
0.39243 0.3245 0.24823 -0.73187 -0.67915 -0.04153 0.037207
0.39243 0.3245 0.24823 -0.73187 -0.67915 -0.04153 0.037207
0.39243 0.3245 0.24823 -0.73187 -0.67915 -0.04153 0.037207
0.39133 0.32161 0.25376 -0.73399 -0.67694 -0.042522 0.034607
0.39058 0.3213 0.25565 -0.73507 -0.67577 -0.042688 0.034451
0.39049 0.32053 0.25729 -0.73619 -0.67454 -0.043295 0.03371
0.39049 0.32053 0.25729 -0.73619 -0.67454 -0.043295 0.03371
0.39049 0.32053 0.25729 -0.73619 -0.67454 -0.043295 0.03371
0.38912 0.31816 0.26287 -0.73889 -0.67168 -0.044111 0.030593
0.38915 0.31654 0.26459 -0.73901 -0.67166 -0.044241 0.028115
0.3882 0.31584 0.26619 -0.74039 -0.67016 -0.044144 0.027428
0.3882 0.31584 0.26619 -0.74039 -0.67016 -0.044144 0.027428
0.3882 0.31584 0.26619 -0.74039 -0.67016 -0.044144 0.027428
0.38749 0.31311 0.27202 -0.74299 -0.66737 -0.04531 0.023196
0.38573 0.31289 0.27329 -0.74265 -0.66783 -0.044234 0.022881
0.38487 0.31162 0.27444 -0.7438 -0.66659 -0.044026 0.021978
0.38487 0.31162 0.27444 -0.7438 -0.66659 -0.044026 0.021978
0.38487 0.31162 0.27444 -0.7438 -0.66659 -0.044026 0.021978
0.38289 0.31104 0.28008 -0.74537 -0.66481 -0.04559 0.01954
0.38284 0.31026 0.28199 -0.74587 -0.66424 -0.046527 0.017417
0.38175 0.30905 0.28312 -0.74653 -0.66356 -0.04592 0.016554
0.38175 0.30905 0.28312 -0.74653 -0.66356 -0.04592 0.016554
0.38175 0.30905 0.28312 -0.74653 -0.66356 -0.04592 0.016554
0.37868 0.31028 0.28884 -0.74743 -0.66243 -0.04784 0.015662
0.37794 0.3096 0.29002 -0.74795 -0.66187 -0.047794 0.014964
0.37694 0.30979 0.29171 -0.74833 -0.66136 -0.049037 0.014292
0.37694 0.30979 0.29171 -0.74833 -0.66136 -0.049037 0.014292
0.37694 0.30979 0.29171 -0.74833 -0.66136 -0.049037 0.014292
0.37505 0.31034 0.29642 -0.74954 -0.65981 -0.051728 0.012611
0.37443 0.30942 0.29783 -0.74987 -0.65949 -0.051551 0.010742
0.37448 0.30984 0.2995 -0.75023 -0.65893 -0.053548 0.0099699
0.37448 0.30984 0.2995 -0.75023 -0.65893 -0.053548 0.0099699
0.37448 0.30984 0.2995 -0.75023 -0.65893 -0.053548 0.0099699
0.37344 0.30884 0.30403 -0.75143 -0.65739 -0.056216 0.0065717
0.37278 0.30858 0.30552 -0.75163 -0.65707 -0.057251 0.0053491
0.37337 0.30814 0.30666 -0.75214 -0.6564 -0.058399 0.00376
0.37337 0.30814 0.30666 -0.75214 -0.6564 -0.058399 0.00376
0.37337 0.30814 0.30666 -0.75214 -0.6564 -0.058399 0.00376
0.37235 0.30721 0.31065 -0.75388 -0.65419 -0.060794 0.00065303
0.37113 0.3079 0.31142 -0.75402 -0.65398 -0.061364 0.0009697
0.37183 0.30645 0.31313 0.7547 0.6531 0.062381 0.0017432
0.37183 0.30645 0.31313 0.7547 0.6531 0.062381 0.0017432
0.37183 0.30645 0.31313 0.7547 0.6531 0.062381 0.0017432
0.37064 0.30573 0.3162 0.75577 0.65174 0.063474 0.0042689
0.37033 0.30471 0.31722 0.75629 0.6511 0.063736 0.0058627
0.37019 0.30416 0.31816 0.75648 0.65082 0.064132 0.0074085
0.37019 0.30416 0.31816 0.75648 0.65082 0.064132 0.0074085
0.37019 0.30416 0.31816 0.75648 0.65082 0.064132 0.0074085
0.36978 0.30285 0.32055 0.75781 0.64912 0.065205 0.01038
0.369 0.30123 0.32119 0.75823 0.6487 0.06414 0.012425
0.36867 0.30167 0.32206 0.75827 0.64859 0.064776 0.012906
0.36867 0.30167 0.32206 0.75827 0.64859 0.064776 0.012906
0.36867 0.30167 0.32206 0.75827 0.64859 0.064776 0.012906
0.36731 0.29961 0.32342 0.75916 0.64756 0.063964 0.015853
0.36754 0.29916 0.32454 0.75911 0.64752 0.06456 0.017546
0.36681 0.2985 0.32441 0.75951 0.64712 0.06376 0.017757
0.36681 0.2985 0.32441 0.75951 0.64712 0.06376 0.017757
0.36681 0.2985 0.32441 0.75951 0.64712 0.06376 0.017757
0.36628 0.29831 0.32666 0.75998 0.6464 0.06475 0.020044
0.36602 0.29799 0.32716 0.75979 0.64665 0.064233 0.020651
0.36574 0.29721 0.32724 0.76039 0.64591 0.064453 0.021428
0.36574 0.29721 0.32724 0.76039 0.64591 0.064453 0.021428
0.36574 0.29721 0.32724 0.76039 0.64591 0.064453 0.021428
0.36484 0.29744 0.32861 0.76028 0.64598 0.064603 0.022411
0.36454 0.29714 0.32874 0.76068 0.64552 0.064517 0.022617
0.36476 0.29734 0.32947 0.76053 0.64562 0.065025 0.023266
0.36476 0.29734 0.32947 0.76053 0.64562 0.065025 0.023266
0.36476 0.29734 0.32947 0.76053 0.64562 0.065025 0.023266
0.36422 0.29769 0.33047 0.76063 0.64543 0.065456 0.023913
0.36389 0.29772 0.33059 0.76103 0.64497 0.065445 0.023575
0.36356 0.2986 0.33087 0.7599 0.64627 0.065722 0.023592
0.36356 0.2986 0.33087 0.7599 0.64627 0.065722 0.023592
0.36356 0.2986 0.33087 0.7599 0.64627 0.065722 0.023592
0.36311 0.29898 0.33169 0.7582 0.64822 0.066169 0.023867
0.36291 0.29936 0.33191 0.75791 0.64856 0.066313 0.02334
0.36306 0.29915 0.33217 0.75713 0.64942 0.066715 0.023661
0.36306 0.29915 0.33217 0.75713 0.64942 0.066715 0.023661
0.36306 0.29915 0.33217 0.75713 0.64942 0.066715 0.023661
0.36295 0.30005 0.3328 0.75424 0.65267 0.067848 0.023291
0.3629 0.30012 0.33327 0.75366 0.6533 0.068296 0.022909
0.36306 0.30061 0.33361 0.7518 0.6554 0.068464 0.023714
0.36306 0.30061 0.33361 0.7518 0.6554 0.068464 0.023714
0.36306 0.30061 0.33361 0.7518 0.6554 0.068464 0.023714
0.36277 0.30158 0.33397 0.74823 0.65941 0.069229 0.023397
0.36317 0.30123 0.33411 0.74757 0.66014 0.069371 0.023555
0.36324 0.30181 0.33412 0.74648 0.66131 0.070092 0.022973
0.36324 0.30181 0.33412 0.74648 0.66131 0.070092 0.022973
0.36324 0.30181 0.33412 0.74648 0.66131 0.070092 0.022973
0.3628 0.30241 0.33473 0.74275 0.66554 0.069457 0.023458
0.36287 0.30252 0.33466 0.7422 0.6661 0.070222 0.02274
0.36308 0.30328 0.33515 0.74089 0.66751 0.070796 0.022473
0.36308 0.30328 0.33515 0.74089 0.66751 0.070796 0.022473
0.36308 0.30328 0.33515 0.74089 0.66751 0.070796 0.022473
0.36293 0.30423 0.33548 0.73785 0.67085 0.07103 0.022229
0.36295 0.30347 0.33528 0.7383 0.67037 0.070874 0.022346
0.36288 0.30394 0.335 0.73654 0.6723 0.070853 0.022236
0.36288 0.30394 0.335 0.73654 0.6723 0.070853 0.022236
0.36288 0.30394 0.335 0.73654 0.6723 0.070853 0.022236
0.36314 0.30382 0.33528 0.73441 0.67458 0.071193 0.022898
0.36374 0.30393 0.33541 0.73409 0.67485 0.07173 0.023421
0.36341 0.30497 0.33592 0.73375 0.67521 0.072201 0.022243
0.36341 0.30497 0.33592 0.73375 0.67521 0.072201 0.022243
0.36341 0.30497 0.33592 0.73375 0.67521 0.072201 0.022243
0.3628 0.30541 0.33568 0.73238 0.67678 0.071596 0.021277
0.36305 0.30578 0.33601 0.73183 0.67731 0.072268 0.021335
0.36338 0.30535 0.3361 0.73184 0.67729 0.072103 0.022063
0.36338 0.30535 0.3361 0.73184 0.67729 0.072103 0.022063
0.36338 0.30535 0.3361 0.73184 0.67729 0.072103 0.022063
0.36304 0.30541 0.33595 0.73123 0.678 0.071833 0.021288
0.36331 0.30586 0.33615 0.73006 0.67917 0.072515 0.0221
0.36286 0.30674 0.33626 0.72998 0.67928 0.072602 0.020796
0.36286 0.30674 0.33626 0.72998 0.67928 0.072602 0.020796
0.36286 0.30674 0.33626 0.72998 0.67928 0.072602 0.020796
0.36281 0.30626 0.33625 0.72906 0.6803 0.072199 0.021334
0.36329 0.30694 0.33653 0.7296 0.67961 0.073348 0.020668
0.36323 0.30642 0.33617 0.72941 0.67985 0.072798 0.021518
0.36323 0.30642 0.33617 0.72941 0.67985 0.072798 0.021518
0.36323 0.30642 0.33617 0.72941 0.67985 0.072798 0.021518
0.36274 0.3067 0.33626 0.72935 0.67996 0.072627 0.020633
0.36254 0.30662 0.33605 0.72876 0.68062 0.07225 0.021031
0.36274 0.3069 0.33643 0.72919 0.68013 0.072687 0.020868
0.36274 0.3069 0.33643 0.72919 0.68013 0.072687 0.020868
0.36274 0.3069 0.33643 0.72919 0.68013 0.072687 0.020868
0.3626 0.30631 0.33626 0.72963 0.6797 0.072219 0.020843
0.36308 0.30645 0.33644 0.72959 0.67968 0.072824 0.020838
0.36311 0.30656 0.33639 0.72927 0.68001 0.072807 0.021113
0.36311 0.30656 0.33639 0.72927 0.68001 0.072807 0.021113
0.36311 0.30656 0.33639 0.72927 0.68001 0.072807 0.021113
0.36311 0.3057 0.33607 0.72944 0.67989 0.072108 0.021815
0.36303 0.30609 0.33585 0.7293 0.68008 0.071951 0.021191
