-0.050914 0.11723 1.1767 0.57303 -0.46818 -0.4715 0.47971
-0.050914 0.11723 1.1767 0.57303 -0.46818 -0.4715 0.47971
-0.050914 0.11723 1.1767 0.57303 -0.46818 -0.4715 0.47971
-0.051016 0.11762 1.1765 0.57274 -0.46823 -0.47186 0.47966
-0.050341 0.11712 1.1765 0.57261 -0.46757 -0.47268 0.47965
-0.051036 0.11784 1.1763 0.57245 -0.46837 -0.47202 0.4797
-0.051444 0.11738 1.1764 0.57308 -0.46844 -0.47182 0.4791
-0.050828 0.11741 1.1771 0.57249 -0.46831 -0.47176 0.47997
-0.051047 0.11737 1.1764 0.57317 -0.46822 -0.47159 0.47943
-0.051047 0.11737 1.1764 0.57317 -0.46822 -0.47159 0.47943
-0.051353 0.117 1.1763 0.57278 -0.46787 -0.47277 0.47907
-0.050586 0.11728 1.1766 0.57233 -0.46744 -0.47261 0.48018
-0.050899 0.11693 1.1764 0.57321 -0.46763 -0.47219 0.47936
-0.050706 0.11696 1.1757 0.57348 -0.46655 -0.473 0.47929
-0.051173 0.11789 1.1767 0.57224 -0.46851 -0.47201 0.47983
-0.051173 0.11789 1.1767 0.57224 -0.46851 -0.47201 0.47983
-0.05098 0.11747 1.1769 0.57243 -0.46838 -0.47205 0.4797
-0.050095 0.11744 1.1768 0.57273 -0.46707 -0.47229 0.48037
-0.051099 0.11772 1.1766 0.57257 -0.46865 -0.47148 0.47984
-0.050749 0.11762 1.1766 0.57257 -0.46809 -0.47189 0.47997
-0.051032 0.11677 1.177 0.57294 -0.46813 -0.47185 0.47953
-0.051076 0.11792 1.1768 0.57214 -0.46839 -0.47208 0.48
-0.051076 0.11792 1.1768 0.57214 -0.46839 -0.47208 0.48
-0.050257 0.11736 1.1767 0.57286 -0.46783 -0.47175 0.48002
-0.050551 0.11719 1.177 0.57253 -0.46779 -0.47195 0.48026
-0.050607 0.11747 1.177 0.57249 -0.46836 -0.47178 0.47992
-0.051174 0.11754 1.1769 0.57218 -0.4687 -0.47186 0.47987
-0.050507 0.1174 1.1767 0.57299 -0.46755 -0.47206 0.47984
-0.050845 0.1171 1.1764 0.57248 -0.46809 -0.47286 0.47912
-0.050845 0.1171 1.1764 0.57248 -0.46809 -0.47286 0.47912
-0.050913 0.11716 1.1766 0.57343 -0.46808 -0.47183 0.47902
-0.05058 0.11733 1.1764 0.57286 -0.46743 -0.47212 0.48004
-0.050763 0.11726 1.1764 0.57323 -0.46709 -0.47218 0.47987
-0.050951 0.11753 1.177 0.57245 -0.46857 -0.47163 0.47992
-0.050877 0.11705 1.1767 0.57277 -0.46789 -0.4725 0.47933
-0.050841 0.11711 1.1771 0.57213 -0.46826 -0.47216 0.48007
-0.050841 0.11711 1.1771 0.57213 -0.46826 -0.47216 0.48007
-0.0514 0.11791 1.1769 0.57237 -0.46871 -0.47137 0.48011
-0.051203 0.11713 1.1764 0.57295 -0.46849 -0.47225 0.47877
-0.050795 0.11728 1.1767 0.57244 -0.46767 -0.4724 0.48005
-0.050368 0.11694 1.1767 0.57304 -0.46707 -0.47203 0.48028
-0.050586 0.11839 1.1768 0.5721 -0.46867 -0.47149 0.48036
-0.050586 0.11839 1.1768 0.5721 -0.46867 -0.47149 0.48036
-0.050754 0.11741 1.1769 0.57282 -0.46815 -0.47168 0.47981
-0.050751 0.11708 1.177 0.57285 -0.46777 -0.47176 0.48007
-0.050057 0.11709 1.1767 0.57311 -0.46737 -0.47214 0.47979
-0.050428 0.11704 1.1764 0.57299 -0.46711 -0.47246 0.47987
-0.051008 0.11821 1.177 0.5718 -0.46856 -0.47182 0.48051
-0.05034 0.11727 1.1766 0.57261 -0.46753 -0.47228 0.48009
-0.05034 0.11727 1.1766 0.57261 -0.46753 -0.47228 0.48009
-0.050757 0.11708 1.1766 0.57305 -0.46802 -0.47204 0.47933
-0.050656 0.11767 1.1764 0.57259 -0.46807 -0.47203 0.47983
-0.050367 0.11712 1.1767 0.57279 -0.46731 -0.47237 0.48
-0.050344 0.11782 1.1768 0.57243 -0.46773 -0.47211 0.48027
-0.050603 0.11734 1.1762 0.57318 -0.4674 -0.47233 0.47949
-0.051312 0.11764 1.1766 0.57223 -0.46861 -0.47209 0.47967
-0.051312 0.11764 1.1766 0.57223 -0.46861 -0.47209 0.47967
-0.05072 0.11752 1.1759 0.57336 -0.46802 -0.47206 0.47893
-0.050968 0.11732 1.1767 0.57277 -0.46805 -0.47194 0.47972
-0.050908 0.11749 1.1771 0.57213 -0.46853 -0.47207 0.47989
-0.051242 0.11804 1.1775 0.57179 -0.46978 -0.47109 0.48004
-0.050847 0.11702 1.1767 0.57239 -0.46821 -0.47265 0.47933
-0.050847 0.11702 1.1767 0.57239 -0.46821 -0.47265 0.47933
-0.051141 0.11733 1.1763 0.57301 -0.46798 -0.47201 0.47944
-0.051061 0.11692 1.1764 0.57336 -0.46787 -0.47194 0.4792
-0.050477 0.11753 1.1767 0.57296 -0.46761 -0.47154 0.48031
-0.050901 0.11686 1.1765 0.57326 -0.46776 -0.47227 0.4791
-0.051054 0.11791 1.1766 0.57234 -0.46845 -0.47173 0.48005
-0.051283 0.11736 1.1764 0.57304 -0.46854 -0.4718 0.47907
-0.051283 0.11736 1.1764 0.57304 -0.46854 -0.4718 0.47907
-0.050911 0.11697 1.1766 0.57276 -0.46773 -0.47252 0.47948
-0.05116 0.11708 1.1767 0.57323 -0.46829 -0.47177 0.4791
-0.050845 0.11694 1.1767 0.57294 -0.46796 -0.47205 0.4795
-0.050567 0.11697 1.1768 0.5729 -0.46744 -0.47179 0.48031
-0.050417 0.11719 1.1769 0.57307 -0.46731 -0.47174 0.48028
-0.051064 0.11752 1.1766 0.57287 -0.46825 -0.47185 0.47949
-0.051064 0.11752 1.1766 0.57287 -0.46825 -0.47185 0.47949
-0.05096 0.11705 1.1766 0.57263 -0.46807 -0.47263 0.47919
-0.050708 0.11734 1.1768 0.57294 -0.46789 -0.47135 0.48026
-0.05104 0.11764 1.177 0.57229 -0.4685 -0.47187 0.47993
-0.050626 0.11765 1.1764 0.57294 -0.46764 -0.47166 0.48019
-0.051151 0.11736 1.1767 0.57251 -0.46816 -0.47195 0.47991
-0.050599 0.11676 1.177 0.573 -0.46769 -0.47192 0.47982
-0.050599 0.11676 1.177 0.573 -0.46769 -0.47192 0.47982
-0.050632 0.1177 1.1768 0.57216 -0.46811 -0.47218 0.48015
-0.050865 0.11716 1.1766 0.57303 -0.46757 -0.47195 0.47987
-0.051514 0.1171 1.1767 0.5727 -0.4685 -0.47227 0.47904
-0.051019 0.11756 1.1766 0.57251 -0.46809 -0.47221 0.47973
-0.051132 0.11786 1.1771 0.57185 -0.46898 -0.47194 0.47991
-0.050709 0.11759 1.177 0.57264 -0.46813 -0.47146 0.48027
-0.050709 0.11759 1.177 0.57264 -0.46813 -0.47146 0.48027
-0.050411 0.1171 1.1767 0.57294 -0.46794 -0.47228 0.47929
-0.051597 0.11735 1.1768 0.57258 -0.46879 -0.47187 0.47931
-0.050514 0.11731 1.1766 0.57294 -0.46791 -0.47183 0.47976
-0.051018 0.11723 1.1769 0.5727 -0.46831 -0.47198 0.47951
-0.051493 0.1176 1.1768 0.57225 -0.46854 -0.47185 0.47995
-0.051493 0.1176 1.1768 0.57225 -0.46854 -0.47185 0.47995
-0.050632 0.11788 1.177 0.57184 -0.46887 -0.472 0.47998
-0.051361 0.11758 1.1763 0.57305 -0.46807 -0.47158 0.47973
-0.050956 0.11688 1.1769 0.57302 -0.46777 -0.47213 0.47952
-0.050898 0.11769 1.1769 0.57238 -0.46843 -0.47168 0.48008
-0.051157 0.11755 1.1769 0.57255 -0.46848 -0.47129 0.48021
-0.05059 0.11739 1.1767 0.57262 -0.46764 -0.47198 0.48026
-0.05059 0.11739 1.1767 0.57262 -0.46764 -0.47198 0.48026
-0.050922 0.11767 1.1767 0.57262 -0.46855 -0.47179 0.47957
-0.050872 0.11753 1.177 0.57217 -0.46851 -0.47201 0.47993
-0.050872 0.11753 1.177 0.57217 -0.46851 -0.47201 0.47993
-0.050811 0.11742 1.177 0.57237 -0.46805 -0.47201 0.48013
-0.050959 0.11763 1.1765 0.57272 -0.46823 -0.47206 0.47948
-0.050926 0.11765 1.177 0.57244 -0.46868 -0.4721 0.47935
-0.050926 0.11765 1.177 0.57244 -0.46868 -0.4721 0.47935
-0.050831 0.11782 1.1766 0.573 -0.46821 -0.47183 0.4794
-0.051087 0.1184 1.1773 0.57247 -0.46895 -0.47132 0.47981
-0.050485 0.11866 1.1774 0.57258 -0.46877 -0.47115 0.48002
-0.050714 0.11852 1.1771 0.57304 -0.46796 -0.47155 0.47987
-0.051185 0.1196 1.1772 0.57265 -0.46859 -0.4715 0.47977
-0.05071 0.11988 1.1766 0.57295 -0.46802 -0.4723 0.47918
-0.05071 0.11988 1.1766 0.57295 -0.46802 -0.4723 0.47918
-0.05115 0.12137 1.1773 0.57193 -0.46845 -0.47163 0.48065
-0.05115 0.12137 1.1773 0.57193 -0.46845 -0.47163 0.48065
-0.050463 0.12183 1.1772 0.57264 -0.46784 -0.47143 0.48058
-0.050562 0.12263 1.1774 0.57221 -0.46865 -0.47164 0.48011
-0.050823 0.12367 1.1773 0.57256 -0.46868 -0.47052 0.48075
-0.050404 0.12508 1.1769 0.5725 -0.46787 -0.47157 0.48059
-0.050404 0.12508 1.1769 0.5725 -0.46787 -0.47157 0.48059
-0.050391 0.12594 1.1771 0.57194 -0.46773 -0.47231 0.48066
-0.050391 0.12594 1.1771 0.57194 -0.46773 -0.47231 0.48066
-0.050334 0.12733 1.1773 0.5717 -0.46858 -0.4715 0.48091
-0.05076 0.12793 1.1772 0.57228 -0.46874 -0.47156 0.48002
-0.049965 0.12829 1.1771 0.57244 -0.46695 -0.47229 0.48085
-0.050229 0.12976 1.177 0.57258 -0.46761 -0.47226 0.48007
-0.05067 0.13126 1.1772 0.57249 -0.46834 -0.47147 0.48023
-0.05067 0.13126 1.1772 0.57249 -0.46834 -0.47147 0.48023
-0.050293 0.13255 1.1771 0.57204 -0.46765 -0.47195 0.48097
-0.050067 0.13355 1.1774 0.57207 -0.46785 -0.47128 0.4814
-0.050339 0.13466 1.177 0.57241 -0.46803 -0.47136 0.48074
-0.049424 0.13542 1.1774 0.57192 -0.46706 -0.47204 0.4816
-0.049424 0.13542 1.1774 0.57192 -0.46706 -0.47204 0.4816
-0.050203 0.13727 1.177 0.57254 -0.46776 -0.47215 0.48006
-0.049544 0.13915 1.1772 0.57149 -0.46764 -0.47256 0.48105
-0.049807 0.13982 1.1766 0.57278 -0.46672 -0.47244 0.48052
-0.050284 0.14078 1.1769 0.57245 -0.46791 -0.47228 0.47991
-0.050284 0.14078 1.1769 0.57245 -0.46791 -0.47228 0.47991
-0.049771 0.14386 1.1764 0.57237 -0.46672 -0.47279 0.48065
-0.049499 0.14689 1.1763 0.57216 -0.46735 -0.47229 0.4808
-0.049746 0.14815 1.1768 0.57211 -0.46734 -0.47211 0.48103
-0.049746 0.14815 1.1768 0.57211 -0.46734 -0.47211 0.48103
-0.049746 0.14815 1.1768 0.57211 -0.46734 -0.47211 0.48103
-0.049746 0.14815 1.1768 0.57211 -0.46734 -0.47211 0.48103
-0.049638 0.15298 1.1766 0.57155 -0.46749 -0.47251 0.48116
-0.049984 0.15598 1.1762 0.57232 -0.46795 -0.47213 0.48017
-0.049984 0.15598 1.1762 0.57232 -0.46795 -0.47213 0.48017
-0.049984 0.15598 1.1762 0.57232 -0.46795 -0.47213 0.48017
-0.049984 0.15598 1.1762 0.57232 -0.46795 -0.47213 0.48017
-0.04991 0.16056 1.1759 0.57212 -0.46791 -0.4721 0.48049
-0.050524 0.16171 1.1758 0.573 -0.46786 -0.47195 0.47963
-0.050069 0.16382 1.1762 0.57211 -0.46828 -0.47198 0.48026
-0.050069 0.16382 1.1762 0.57211 -0.46828 -0.47198 0.48026
-0.049754 0.16703 1.176 0.57229 -0.46765 -0.47162 0.481
-0.049421 0.1698 1.1762 0.57219 -0.4674 -0.47227 0.48072
-0.049421 0.1698 1.1762 0.57219 -0.4674 -0.47227 0.48072
-0.050116 0.17126 1.1763 0.57229 -0.46806 -0.47186 0.48036
-0.050116 0.17126 1.1763 0.57229 -0.46806 -0.47186 0.48036
-0.049904 0.17463 1.176 0.57157 -0.4682 -0.4724 0.48055
-0.050346 0.17677 1.1754 0.57324 -0.46776 -0.47205 0.47934
-0.049937 0.17924 1.1763 0.57147 -0.46923 -0.4715 0.48055
-0.049937 0.17924 1.1763 0.57147 -0.46923 -0.4715 0.48055
-0.049937 0.17924 1.1763 0.57147 -0.46923 -0.4715 0.48055
-0.049937 0.17924 1.1763 0.57147 -0.46923 -0.4715 0.48055
-0.049873 0.18318 1.1762 0.57171 -0.46821 -0.47198 0.48079
-0.048861 0.18539 1.1763 0.57137 -0.46855 -0.47167 0.48117
-0.049043 0.18634 1.1757 0.57185 -0.46789 -0.47226 0.48066
-0.049043 0.18634 1.1757 0.57185 -0.46789 -0.47226 0.48066
-0.049374 0.18928 1.177 0.57069 -0.46905 -0.47171 0.48145
-0.049874 0.19096 1.1762 0.57163 -0.46934 -0.47089 0.48086
-0.049229 0.19183 1.1767 0.57139 -0.46846 -0.47138 0.48152
-0.049428 0.19334 1.1765 0.57134 -0.46877 -0.47149 0.48116
-0.049428 0.19334 1.1765 0.57134 -0.46877 -0.47149 0.48116
-0.049428 0.19334 1.1765 0.57134 -0.46877 -0.47149 0.48116
-0.048896 0.1984 1.1767 0.57127 -0.46854 -0.472 0.48098
-0.048896 0.1984 1.1767 0.57127 -0.46854 -0.472 0.48098
-0.049019 0.20035 1.1763 0.57099 -0.46863 -0.47189 0.48132
-0.049019 0.20035 1.1763 0.57099 -0.46863 -0.47189 0.48132
-0.049019 0.20035 1.1763 0.57099 -0.46863 -0.47189 0.48132
-0.048552 0.20362 1.176 0.57196 -0.46789 -0.47212 0.48067
-0.048717 0.20512 1.1766 0.57097 -0.46808 -0.47207 0.48171
-0.048379 0.20714 1.1762 0.5713 -0.46895 -0.47145 0.48108
-0.048379 0.20714 1.1762 0.5713 -0.46895 -0.47145 0.48108
-0.048379 0.20714 1.1762 0.5713 -0.46895 -0.47145 0.48108
-0.048377 0.20988 1.1763 0.57232 -0.46826 -0.47166 0.48033
-0.0483 0.21146 1.1763 0.57191 -0.4682 -0.4718 0.48074
-0.048536 0.21307 1.1764 0.57171 -0.46891 -0.47134 0.48074
-0.048536 0.21307 1.1764 0.57171 -0.46891 -0.47134 0.48074
-0.048161 0.21523 1.1762 0.57217 -0.46808 -0.47174 0.48061
-0.048072 0.21741 1.1763 0.57165 -0.46778 -0.47234 0.48092
-0.048072 0.21741 1.1763 0.57165 -0.46778 -0.47234 0.48092
-0.04863 0.21917 1.1761 0.57166 -0.46868 -0.47208 0.48029
-0.04863 0.21917 1.1761 0.57166 -0.46868 -0.47208 0.48029
-0.04863 0.21917 1.1761 0.57166 -0.46868 -0.47208 0.48029
-0.048536 0.22181 1.176 0.57286 -0.46768 -0.47189 0.48003
-0.048536 0.22181 1.176 0.57286 -0.46768 -0.47189 0.48003
-0.048536 0.22181 1.176 0.57286 -0.46768 -0.47189 0.48003
-0.048536 0.22181 1.176 0.57286 -0.46768 -0.47189 0.48003
-0.048536 0.22181 1.176 0.57286 -0.46768 -0.47189 0.48003
-0.048536 0.22181 1.176 0.57286 -0.46768 -0.47189 0.48003
-0.048536 0.22181 1.176 0.57286 -0.46768 -0.47189 0.48003
-0.048536 0.22181 1.176 0.57286 -0.46768 -0.47189 0.48003
-0.048536 0.22181 1.176 0.57286 -0.46768 -0.47189 0.48003
-0.048536 0.22181 1.176 0.57286 -0.46768 -0.47189 0.48003
-0.048536 0.22181 1.176 0.57286 -0.46768 -0.47189 0.48003
-0.048536 0.22181 1.176 0.57286 -0.46768 -0.47189 0.48003
-0.048536 0.22181 1.176 0.57286 -0.46768 -0.47189 0.48003
-0.048536 0.22181 1.176 0.57286 -0.46768 -0.47189 0.48003
-0.048536 0.22181 1.176 0.57286 -0.46768 -0.47189 0.48003
-0.048536 0.22181 1.176 0.57286 -0.46768 -0.47189 0.48003
-0.048536 0.22181 1.176 0.57286 -0.46768 -0.47189 0.48003
-0.048536 0.22181 1.176 0.57286 -0.46768 -0.47189 0.48003
-0.048536 0.22181 1.176 0.57286 -0.46768 -0.47189 0.48003
-0.048536 0.22181 1.176 0.57286 -0.46768 -0.47189 0.48003
-0.048536 0.22181 1.176 0.57286 -0.46768 -0.47189 0.48003
-0.048536 0.22181 1.176 0.57286 -0.46768 -0.47189 0.48003
-0.048536 0.22181 1.176 0.57286 -0.46768 -0.47189 0.48003
-0.048536 0.22181 1.176 0.57286 -0.46768 -0.47189 0.48003
-0.048536 0.22181 1.176 0.57286 -0.46768 -0.47189 0.48003
-0.048536 0.22181 1.176 0.57286 -0.46768 -0.47189 0.48003
-0.048536 0.22181 1.176 0.57286 -0.46768 -0.47189 0.48003
-0.048536 0.22181 1.176 0.57286 -0.46768 -0.47189 0.48003
-0.048536 0.22181 1.176 0.57286 -0.46768 -0.47189 0.48003
-0.048536 0.22181 1.176 0.57286 -0.46768 -0.47189 0.48003
-0.048536 0.22181 1.176 0.57286 -0.46768 -0.47189 0.48003
-0.048536 0.22181 1.176 0.57286 -0.46768 -0.47189 0.48003
-0.048536 0.22181 1.176 0.57286 -0.46768 -0.47189 0.48003
-0.048536 0.22181 1.176 0.57286 -0.46768 -0.47189 0.48003
-0.048536 0.22181 1.176 0.57286 -0.46768 -0.47189 0.48003
-0.048536 0.22181 1.176 0.57286 -0.46768 -0.47189 0.48003
-0.048536 0.22181 1.176 0.57286 -0.46768 -0.47189 0.48003
-0.048536 0.22181 1.176 0.57286 -0.46768 -0.47189 0.48003
-0.048536 0.22181 1.176 0.57286 -0.46768 -0.47189 0.48003
-0.048536 0.22181 1.176 0.57286 -0.46768 -0.47189 0.48003
-0.048536 0.22181 1.176 0.57286 -0.46768 -0.47189 0.48003
-0.048536 0.22181 1.176 0.57286 -0.46768 -0.47189 0.48003
-0.048536 0.22181 1.176 0.57286 -0.46768 -0.47189 0.48003
-0.048536 0.22181 1.176 0.57286 -0.46768 -0.47189 0.48003
-0.048536 0.22181 1.176 0.57286 -0.46768 -0.47189 0.48003
-0.048536 0.22181 1.176 0.57286 -0.46768 -0.47189 0.48003
-0.048536 0.22181 1.176 0.57286 -0.46768 -0.47189 0.48003
-0.048536 0.22181 1.176 0.57286 -0.46768 -0.47189 0.48003
-0.048536 0.22181 1.176 0.57286 -0.46768 -0.47189 0.48003
-0.048536 0.22181 1.176 0.57286 -0.46768 -0.47189 0.48003
-0.048536 0.22181 1.176 0.57286 -0.46768 -0.47189 0.48003
-0.048536 0.22181 1.176 0.57286 -0.46768 -0.47189 0.48003
-0.048536 0.22181 1.176 0.57286 -0.46768 -0.47189 0.48003
-0.048536 0.22181 1.176 0.57286 -0.46768 -0.47189 0.48003
-0.048536 0.22181 1.176 0.57286 -0.46768 -0.47189 0.48003
-0.048536 0.22181 1.176 0.57286 -0.46768 -0.47189 0.48003
-0.048536 0.22181 1.176 0.57286 -0.46768 -0.47189 0.48003
-0.048536 0.22181 1.176 0.57286 -0.46768 -0.47189 0.48003
-0.048536 0.22181 1.176 0.57286 -0.46768 -0.47189 0.48003
-0.048536 0.22181 1.176 0.57286 -0.46768 -0.47189 0.48003
-0.048536 0.22181 1.176 0.57286 -0.46768 -0.47189 0.48003
-0.048536 0.22181 1.176 0.57286 -0.46768 -0.47189 0.48003
-0.048536 0.22181 1.176 0.57286 -0.46768 -0.47189 0.48003
-0.048536 0.22181 1.176 0.57286 -0.46768 -0.47189 0.48003
-0.048536 0.22181 1.176 0.57286 -0.46768 -0.47189 0.48003
-0.048536 0.22181 1.176 0.57286 -0.46768 -0.47189 0.48003
-0.048536 0.22181 1.176 0.57286 -0.46768 -0.47189 0.48003
-0.048536 0.22181 1.176 0.57286 -0.46768 -0.47189 0.48003
-0.048536 0.22181 1.176 0.57286 -0.46768 -0.47189 0.48003
-0.048536 0.22181 1.176 0.57286 -0.46768 -0.47189 0.48003
-0.048536 0.22181 1.176 0.57286 -0.46768 -0.47189 0.48003
-0.048536 0.22181 1.176 0.57286 -0.46768 -0.47189 0.48003
-0.048536 0.22181 1.176 0.57286 -0.46768 -0.47189 0.48003
-0.048536 0.22181 1.176 0.57286 -0.46768 -0.47189 0.48003
-0.048536 0.22181 1.176 0.57286 -0.46768 -0.47189 0.48003
-0.048536 0.22181 1.176 0.57286 -0.46768 -0.47189 0.48003
-0.048536 0.22181 1.176 0.57286 -0.46768 -0.47189 0.48003
-0.048536 0.22181 1.176 0.57286 -0.46768 -0.47189 0.48003
-0.048536 0.22181 1.176 0.57286 -0.46768 -0.47189 0.48003
-0.048536 0.22181 1.176 0.57286 -0.46768 -0.47189 0.48003
-0.048536 0.22181 1.176 0.57286 -0.46768 -0.47189 0.48003
-0.048536 0.22181 1.176 0.57286 -0.46768 -0.47189 0.48003
-0.048536 0.22181 1.176 0.57286 -0.46768 -0.47189 0.48003
-0.048536 0.22181 1.176 0.57286 -0.46768 -0.47189 0.48003
-0.048536 0.22181 1.176 0.57286 -0.46768 -0.47189 0.48003
-0.048536 0.22181 1.176 0.57286 -0.46768 -0.47189 0.48003
-0.048536 0.22181 1.176 0.57286 -0.46768 -0.47189 0.48003
-0.048536 0.22181 1.176 0.57286 -0.46768 -0.47189 0.48003
-0.048536 0.22181 1.176 0.57286 -0.46768 -0.47189 0.48003
-0.048536 0.22181 1.176 0.57286 -0.46768 -0.47189 0.48003
-0.048536 0.22181 1.176 0.57286 -0.46768 -0.47189 0.48003
-0.048536 0.22181 1.176 0.57286 -0.46768 -0.47189 0.48003
-0.048536 0.22181 1.176 0.57286 -0.46768 -0.47189 0.48003
-0.048536 0.22181 1.176 0.57286 -0.46768 -0.47189 0.48003
-0.048536 0.22181 1.176 0.57286 -0.46768 -0.47189 0.48003
-0.048536 0.22181 1.176 0.57286 -0.46768 -0.47189 0.48003
-0.048536 0.22181 1.176 0.57286 -0.46768 -0.47189 0.48003
-0.048536 0.22181 1.176 0.57286 -0.46768 -0.47189 0.48003
-0.048536 0.22181 1.176 0.57286 -0.46768 -0.47189 0.48003
-0.048536 0.22181 1.176 0.57286 -0.46768 -0.47189 0.48003
-0.048536 0.22181 1.176 0.57286 -0.46768 -0.47189 0.48003
-0.048536 0.22181 1.176 0.57286 -0.46768 -0.47189 0.48003
-0.048536 0.22181 1.176 0.57286 -0.46768 -0.47189 0.48003
-0.048536 0.22181 1.176 0.57286 -0.46768 -0.47189 0.48003
-0.048536 0.22181 1.176 0.57286 -0.46768 -0.47189 0.48003
-0.048536 0.22181 1.176 0.57286 -0.46768 -0.47189 0.48003
-0.048536 0.22181 1.176 0.57286 -0.46768 -0.47189 0.48003
-0.048536 0.22181 1.176 0.57286 -0.46768 -0.47189 0.48003
-0.048536 0.22181 1.176 0.57286 -0.46768 -0.47189 0.48003
-0.048536 0.22181 1.176 0.57286 -0.46768 -0.47189 0.48003
-0.048536 0.22181 1.176 0.57286 -0.46768 -0.47189 0.48003
-0.048536 0.22181 1.176 0.57286 -0.46768 -0.47189 0.48003
-0.048536 0.22181 1.176 0.57286 -0.46768 -0.47189 0.48003
-0.048536 0.22181 1.176 0.57286 -0.46768 -0.47189 0.48003
-0.048536 0.22181 1.176 0.57286 -0.46768 -0.47189 0.48003
-0.048536 0.22181 1.176 0.57286 -0.46768 -0.47189 0.48003
-0.048536 0.22181 1.176 0.57286 -0.46768 -0.47189 0.48003
-0.048536 0.22181 1.176 0.57286 -0.46768 -0.47189 0.48003
-0.048536 0.22181 1.176 0.57286 -0.46768 -0.47189 0.48003
-0.048536 0.22181 1.176 0.57286 -0.46768 -0.47189 0.48003
-0.048536 0.22181 1.176 0.57286 -0.46768 -0.47189 0.48003
-0.048536 0.22181 1.176 0.57286 -0.46768 -0.47189 0.48003
-0.048536 0.22181 1.176 0.57286 -0.46768 -0.47189 0.48003
-0.048536 0.22181 1.176 0.57286 -0.46768 -0.47189 0.48003
-0.048536 0.22181 1.176 0.57286 -0.46768 -0.47189 0.48003
-0.048536 0.22181 1.176 0.57286 -0.46768 -0.47189 0.48003
-0.048536 0.22181 1.176 0.57286 -0.46768 -0.47189 0.48003
-0.048536 0.22181 1.176 0.57286 -0.46768 -0.47189 0.48003
-0.048536 0.22181 1.176 0.57286 -0.46768 -0.47189 0.48003
-0.048536 0.22181 1.176 0.57286 -0.46768 -0.47189 0.48003
-0.048536 0.22181 1.176 0.57286 -0.46768 -0.47189 0.48003
-0.048536 0.22181 1.176 0.57286 -0.46768 -0.47189 0.48003
-0.048536 0.22181 1.176 0.57286 -0.46768 -0.47189 0.48003
-0.048536 0.22181 1.176 0.57286 -0.46768 -0.47189 0.48003
-0.048536 0.22181 1.176 0.57286 -0.46768 -0.47189 0.48003
-0.048536 0.22181 1.176 0.57286 -0.46768 -0.47189 0.48003
-0.048536 0.22181 1.176 0.57286 -0.46768 -0.47189 0.48003
-0.048536 0.22181 1.176 0.57286 -0.46768 -0.47189 0.48003
-0.048536 0.22181 1.176 0.57286 -0.46768 -0.47189 0.48003
-0.048536 0.22181 1.176 0.57286 -0.46768 -0.47189 0.48003
-0.048536 0.22181 1.176 0.57286 -0.46768 -0.47189 0.48003
-0.048536 0.22181 1.176 0.57286 -0.46768 -0.47189 0.48003
-0.048536 0.22181 1.176 0.57286 -0.46768 -0.47189 0.48003
-0.048536 0.22181 1.176 0.57286 -0.46768 -0.47189 0.48003
-0.048536 0.22181 1.176 0.57286 -0.46768 -0.47189 0.48003
-0.048536 0.22181 1.176 0.57286 -0.46768 -0.47189 0.48003
-0.048536 0.22181 1.176 0.57286 -0.46768 -0.47189 0.48003
-0.048536 0.22181 1.176 0.57286 -0.46768 -0.47189 0.48003
-0.048536 0.22181 1.176 0.57286 -0.46768 -0.47189 0.48003
-0.048536 0.22181 1.176 0.57286 -0.46768 -0.47189 0.48003
-0.048536 0.22181 1.176 0.57286 -0.46768 -0.47189 0.48003
-0.048536 0.22181 1.176 0.57286 -0.46768 -0.47189 0.48003
-0.048536 0.22181 1.176 0.57286 -0.46768 -0.47189 0.48003
-0.048536 0.22181 1.176 0.57286 -0.46768 -0.47189 0.48003
-0.048536 0.22181 1.176 0.57286 -0.46768 -0.47189 0.48003
-0.048536 0.22181 1.176 0.57286 -0.46768 -0.47189 0.48003
-0.048536 0.22181 1.176 0.57286 -0.46768 -0.47189 0.48003
-0.048536 0.22181 1.176 0.57286 -0.46768 -0.47189 0.48003
-0.048536 0.22181 1.176 0.57286 -0.46768 -0.47189 0.48003
-0.048536 0.22181 1.176 0.57286 -0.46768 -0.47189 0.48003
-0.048536 0.22181 1.176 0.57286 -0.46768 -0.47189 0.48003
-0.048536 0.22181 1.176 0.57286 -0.46768 -0.47189 0.48003
-0.048536 0.22181 1.176 0.57286 -0.46768 -0.47189 0.48003
-0.048536 0.22181 1.176 0.57286 -0.46768 -0.47189 0.48003
-0.048536 0.22181 1.176 0.57286 -0.46768 -0.47189 0.48003
-0.048536 0.22181 1.176 0.57286 -0.46768 -0.47189 0.48003
-0.048536 0.22181 1.176 0.57286 -0.46768 -0.47189 0.48003
-0.048536 0.22181 1.176 0.57286 -0.46768 -0.47189 0.48003
-0.048536 0.22181 1.176 0.57286 -0.46768 -0.47189 0.48003
-0.048536 0.22181 1.176 0.57286 -0.46768 -0.47189 0.48003
-0.048536 0.22181 1.176 0.57286 -0.46768 -0.47189 0.48003
-0.048536 0.22181 1.176 0.57286 -0.46768 -0.47189 0.48003
-0.048536 0.22181 1.176 0.57286 -0.46768 -0.47189 0.48003
-0.048536 0.22181 1.176 0.57286 -0.46768 -0.47189 0.48003
-0.048536 0.22181 1.176 0.57286 -0.46768 -0.47189 0.48003
-0.048536 0.22181 1.176 0.57286 -0.46768 -0.47189 0.48003
-0.048536 0.22181 1.176 0.57286 -0.46768 -0.47189 0.48003
-0.048536 0.22181 1.176 0.57286 -0.46768 -0.47189 0.48003
-0.048536 0.22181 1.176 0.57286 -0.46768 -0.47189 0.48003
-0.048536 0.22181 1.176 0.57286 -0.46768 -0.47189 0.48003
-0.048536 0.22181 1.176 0.57286 -0.46768 -0.47189 0.48003
-0.048536 0.22181 1.176 0.57286 -0.46768 -0.47189 0.48003
-0.048536 0.22181 1.176 0.57286 -0.46768 -0.47189 0.48003
-0.048536 0.22181 1.176 0.57286 -0.46768 -0.47189 0.48003
-0.048536 0.22181 1.176 0.57286 -0.46768 -0.47189 0.48003
-0.048536 0.22181 1.176 0.57286 -0.46768 -0.47189 0.48003
-0.048536 0.22181 1.176 0.57286 -0.46768 -0.47189 0.48003
-0.048536 0.22181 1.176 0.57286 -0.46768 -0.47189 0.48003
-0.048536 0.22181 1.176 0.57286 -0.46768 -0.47189 0.48003
-0.048536 0.22181 1.176 0.57286 -0.46768 -0.47189 0.48003
-0.048536 0.22181 1.176 0.57286 -0.46768 -0.47189 0.48003
-0.048536 0.22181 1.176 0.57286 -0.46768 -0.47189 0.48003
-0.048536 0.22181 1.176 0.57286 -0.46768 -0.47189 0.48003
-0.048536 0.22181 1.176 0.57286 -0.46768 -0.47189 0.48003
-0.048536 0.22181 1.176 0.57286 -0.46768 -0.47189 0.48003
-0.048536 0.22181 1.176 0.57286 -0.46768 -0.47189 0.48003
-0.048536 0.22181 1.176 0.57286 -0.46768 -0.47189 0.48003
-0.048536 0.22181 1.176 0.57286 -0.46768 -0.47189 0.48003
-0.048536 0.22181 1.176 0.57286 -0.46768 -0.47189 0.48003
-0.048536 0.22181 1.176 0.57286 -0.46768 -0.47189 0.48003
-0.048536 0.22181 1.176 0.57286 -0.46768 -0.47189 0.48003
-0.048536 0.22181 1.176 0.57286 -0.46768 -0.47189 0.48003
-0.048536 0.22181 1.176 0.57286 -0.46768 -0.47189 0.48003
-0.048536 0.22181 1.176 0.57286 -0.46768 -0.47189 0.48003
-0.048536 0.22181 1.176 0.57286 -0.46768 -0.47189 0.48003
-0.048536 0.22181 1.176 0.57286 -0.46768 -0.47189 0.48003
-0.048536 0.22181 1.176 0.57286 -0.46768 -0.47189 0.48003
-0.048536 0.22181 1.176 0.57286 -0.46768 -0.47189 0.48003
-0.048536 0.22181 1.176 0.57286 -0.46768 -0.47189 0.48003
-0.048536 0.22181 1.176 0.57286 -0.46768 -0.47189 0.48003
-0.048536 0.22181 1.176 0.57286 -0.46768 -0.47189 0.48003
-0.048536 0.22181 1.176 0.57286 -0.46768 -0.47189 0.48003
-0.048536 0.22181 1.176 0.57286 -0.46768 -0.47189 0.48003
-0.048536 0.22181 1.176 0.57286 -0.46768 -0.47189 0.48003
-0.048536 0.22181 1.176 0.57286 -0.46768 -0.47189 0.48003
-0.048536 0.22181 1.176 0.57286 -0.46768 -0.47189 0.48003
-0.048536 0.22181 1.176 0.57286 -0.46768 -0.47189 0.48003
-0.048536 0.22181 1.176 0.57286 -0.46768 -0.47189 0.48003
-0.048536 0.22181 1.176 0.57286 -0.46768 -0.47189 0.48003
-0.048536 0.22181 1.176 0.57286 -0.46768 -0.47189 0.48003
-0.048536 0.22181 1.176 0.57286 -0.46768 -0.47189 0.48003
-0.048536 0.22181 1.176 0.57286 -0.46768 -0.47189 0.48003
-0.048536 0.22181 1.176 0.57286 -0.46768 -0.47189 0.48003
-0.048536 0.22181 1.176 0.57286 -0.46768 -0.47189 0.48003
-0.048536 0.22181 1.176 0.57286 -0.46768 -0.47189 0.48003
-0.048536 0.22181 1.176 0.57286 -0.46768 -0.47189 0.48003
-0.048536 0.22181 1.176 0.57286 -0.46768 -0.47189 0.48003
-0.048536 0.22181 1.176 0.57286 -0.46768 -0.47189 0.48003
-0.048536 0.22181 1.176 0.57286 -0.46768 -0.47189 0.48003
-0.048536 0.22181 1.176 0.57286 -0.46768 -0.47189 0.48003
-0.048536 0.22181 1.176 0.57286 -0.46768 -0.47189 0.48003
-0.048536 0.22181 1.176 0.57286 -0.46768 -0.47189 0.48003
-0.048536 0.22181 1.176 0.57286 -0.46768 -0.47189 0.48003
-0.048536 0.22181 1.176 0.57286 -0.46768 -0.47189 0.48003
-0.048536 0.22181 1.176 0.57286 -0.46768 -0.47189 0.48003
-0.048536 0.22181 1.176 0.57286 -0.46768 -0.47189 0.48003
-0.048536 0.22181 1.176 0.57286 -0.46768 -0.47189 0.48003
-0.048536 0.22181 1.176 0.57286 -0.46768 -0.47189 0.48003
-0.048536 0.22181 1.176 0.57286 -0.46768 -0.47189 0.48003
-0.048536 0.22181 1.176 0.57286 -0.46768 -0.47189 0.48003
-0.048536 0.22181 1.176 0.57286 -0.46768 -0.47189 0.48003
-0.048536 0.22181 1.176 0.57286 -0.46768 -0.47189 0.48003
-0.048536 0.22181 1.176 0.57286 -0.46768 -0.47189 0.48003
