-0.057886 0.11775 1.179 0.57957 -0.46026 -0.4654 0.48544
-0.057886 0.11775 1.179 0.57957 -0.46026 -0.4654 0.48544
-0.057986 0.11775 1.1789 0.58035 -0.46045 -0.46506 0.48466
-0.057986 0.11775 1.1789 0.58035 -0.46045 -0.46506 0.48466
-0.057151 0.11763 1.1792 0.57997 -0.46023 -0.46529 0.4851
-0.057157 0.11764 1.1791 0.58047 -0.45979 -0.46511 0.48511
-0.057525 0.11798 1.1787 0.58029 -0.46041 -0.46509 0.48475
-0.057293 0.11786 1.1791 0.57989 -0.46032 -0.46505 0.48535
-0.05743 0.11824 1.1791 0.58 -0.46069 -0.46467 0.48523
-0.057339 0.11691 1.1785 0.58102 -0.45976 -0.46564 0.48396
-0.057117 0.11792 1.1791 0.57974 -0.46026 -0.4657 0.48496
-0.057812 0.11771 1.1789 0.5803 -0.46034 -0.46524 0.48466
-0.057896 0.11797 1.1789 0.58027 -0.46094 -0.46498 0.48437
-0.058231 0.11768 1.1789 0.58031 -0.46067 -0.46529 0.48428
-0.058231 0.11768 1.1789 0.58031 -0.46067 -0.46529 0.48428
-0.05757 0.11814 1.1788 0.57994 -0.46072 -0.4656 0.48438
-0.057637 0.11745 1.1789 0.58029 -0.45984 -0.4656 0.48481
-0.057554 0.11759 1.1791 0.58055 -0.46009 -0.46473 0.48508
-0.057722 0.11762 1.1791 0.57998 -0.46038 -0.4653 0.48494
-0.057918 0.11746 1.1789 0.58025 -0.46009 -0.46516 0.48504
-0.057432 0.11803 1.1789 0.58008 -0.46063 -0.4651 0.48477
-0.057569 0.11788 1.1788 0.58042 -0.46042 -0.46508 0.48458
-0.057429 0.11825 1.1789 0.57967 -0.46025 -0.46541 0.48533
-0.057429 0.11825 1.1789 0.57967 -0.46025 -0.46541 0.48533
-0.057484 0.11788 1.1792 0.58004 -0.46022 -0.46509 0.48523
-0.057956 0.11803 1.1788 0.58033 -0.46091 -0.4646 0.48469
-0.058419 0.11798 1.179 0.58006 -0.46112 -0.46499 0.48444
-0.057857 0.1176 1.1788 0.58053 -0.4601 -0.46506 0.48479
-0.057999 0.11771 1.179 0.58033 -0.4607 -0.46503 0.48449
-0.057404 0.1177 1.179 0.58056 -0.4601 -0.46452 0.48526
-0.057875 0.11757 1.1791 0.58048 -0.45988 -0.46498 0.48513
-0.057461 0.11776 1.179 0.58054 -0.4599 -0.46444 0.48555
-0.058026 0.11778 1.1788 0.58032 -0.46093 -0.4651 0.4842
-0.05746 0.11749 1.1793 0.58025 -0.46005 -0.46501 0.48522
-0.057989 0.11784 1.1789 0.58029 -0.46075 -0.46484 0.48466
-0.058226 0.11792 1.1788 0.58059 -0.46011 -0.46469 0.48506
-0.05785 0.11815 1.1796 0.57955 -0.46114 -0.46444 0.48556
-0.058056 0.1181 1.1793 0.57995 -0.46084 -0.46453 0.48528
-0.057653 0.11749 1.1789 0.5802 -0.46038 -0.46535 0.48464
-0.057779 0.11809 1.1791 0.57988 -0.46059 -0.46484 0.48531
-0.058188 0.11803 1.1787 0.58025 -0.46114 -0.4652 0.48399
-0.05804 0.11767 1.1791 0.58045 -0.46009 -0.46478 0.48515
-0.057139 0.11759 1.179 0.58033 -0.46004 -0.46506 0.48508
-0.057394 0.11787 1.1794 0.57986 -0.46065 -0.46497 0.48514
-0.0582 0.11773 1.1787 0.58089 -0.46127 -0.46448 0.48379
-0.058404 0.1185 1.179 0.58002 -0.46086 -0.46437 0.48533
-0.05752 0.11818 1.1789 0.58013 -0.46029 -0.46496 0.48517
-0.057542 0.11766 1.1793 0.58019 -0.46026 -0.46506 0.48504
-0.05815 0.11753 1.1794 0.58042 -0.46099 -0.46434 0.48476
-0.057997 0.11756 1.1794 0.58039 -0.46062 -0.46444 0.48505
-0.057958 0.11773 1.1792 0.58056 -0.46036 -0.46446 0.48507
-0.057718 0.11765 1.1784 0.58113 -0.46004 -0.46473 0.48444
-0.057563 0.11831 1.1795 0.57991 -0.46045 -0.46436 0.48586
-0.057563 0.11831 1.1795 0.57991 -0.46045 -0.46436 0.48586
-0.057835 0.1183 1.1788 0.58056 -0.46076 -0.46427 0.48487
-0.057988 0.11842 1.1788 0.58031 -0.46104 -0.46426 0.48492
-0.057988 0.11842 1.1788 0.58031 -0.46104 -0.46426 0.48492
-0.057923 0.11741 1.1789 0.58097 -0.45995 -0.46488 0.48457
-0.057717 0.11742 1.179 0.58033 -0.45979 -0.465 0.48536
-0.057892 0.11792 1.1792 0.58011 -0.46051 -0.46464 0.48529
-0.057917 0.11731 1.1789 0.58053 -0.46017 -0.46507 0.48471
-0.057797 0.11796 1.179 0.58024 -0.46015 -0.46483 0.48529
-0.057467 0.11758 1.1794 0.58083 -0.46008 -0.46425 0.48521
-0.057624 0.11749 1.1788 0.58059 -0.45986 -0.46536 0.48465
-0.057507 0.11791 1.179 0.58039 -0.46004 -0.46469 0.48536
-0.057777 0.11799 1.1793 0.58017 -0.46064 -0.46441 0.48532
-0.058229 0.11739 1.1786 0.58069 -0.45994 -0.46529 0.48453
-0.057719 0.11729 1.1791 0.5805 -0.46022 -0.46487 0.48488
-0.057741 0.11758 1.1791 0.5803 -0.46017 -0.46478 0.48525
-0.057603 0.11782 1.1794 0.58001 -0.46069 -0.46472 0.48518
-0.057725 0.11746 1.1793 0.58039 -0.45984 -0.46473 0.48551
-0.057846 0.11734 1.1793 0.58035 -0.46035 -0.4647 0.48511
-0.058216 0.11757 1.1795 0.58026 -0.46069 -0.46452 0.48506
-0.05794 0.11767 1.1792 0.58042 -0.46061 -0.46442 0.48505
-0.057259 0.1174 1.179 0.58048 -0.45937 -0.46563 0.48499
-0.057259 0.1174 1.179 0.58048 -0.45937 -0.46563 0.48499
-0.057913 0.11858 1.1792 0.57988 -0.46062 -0.46433 0.48576
-0.058179 0.11811 1.1793 0.58019 -0.46049 -0.46428 0.48557
-0.058041 0.11766 1.1793 0.58087 -0.46061 -0.46395 0.48495
-0.057846 0.1175 1.1792 0.58021 -0.46027 -0.46509 0.48498
-0.057645 0.11735 1.1796 0.58049 -0.46033 -0.46451 0.48514
-0.057927 0.11711 1.1788 0.58075 -0.45991 -0.46556 0.48422
-0.058105 0.11804 1.1789 0.58039 -0.46082 -0.46429 0.48501
-0.057562 0.11759 1.1787 0.58074 -0.45945 -0.46509 0.48511
-0.057145 0.11821 1.1796 0.57979 -0.46027 -0.46444 0.48609
-0.057648 0.11776 1.1791 0.58067 -0.46034 -0.46415 0.48526
-0.056804 0.11778 1.1796 0.58043 -0.45981 -0.46418 0.48601
-0.057941 0.11778 1.1789 0.58045 -0.46074 -0.46497 0.48435
-0.057289 0.11769 1.1793 0.58071 -0.46053 -0.46389 0.48528
-0.057289 0.11769 1.1793 0.58071 -0.46053 -0.46389 0.48528
-0.057858 0.11816 1.1792 0.57993 -0.46067 -0.46463 0.48537
-0.057858 0.11816 1.1792 0.57993 -0.46067 -0.46463 0.48537
-0.057759 0.11741 1.1794 0.58081 -0.46031 -0.46435 0.48492
-0.057759 0.11741 1.1794 0.58081 -0.46031 -0.46435 0.48492
-0.057497 0.1182 1.1791 0.58017 -0.46044 -0.46458 0.48535
-0.05752 0.1174 1.1789 0.58092 -0.45994 -0.46458 0.48493
-0.057866 0.11785 1.179 0.58072 -0.46038 -0.46435 0.48497
-0.057928 0.11759 1.1791 0.58057 -0.46062 -0.46479 0.4845
-0.057333 0.11797 1.1795 0.58015 -0.4605 -0.46414 0.48574
-0.057333 0.11797 1.1795 0.58015 -0.4605 -0.46414 0.48574
-0.057927 0.11763 1.1794 0.58044 -0.46058 -0.46414 0.48531
-0.057581 0.11781 1.1789 0.58018 -0.46015 -0.46498 0.48524
-0.057716 0.1177 1.1796 0.57992 -0.46053 -0.46484 0.48531
-0.057635 0.11735 1.1786 0.58081 -0.45964 -0.46529 0.48466
-0.058008 0.11755 1.1788 0.58047 -0.45996 -0.46518 0.48487
-0.057832 0.11783 1.179 0.58062 -0.46031 -0.46454 0.48496
-0.057865 0.11747 1.1793 0.58063 -0.46015 -0.46449 0.48517
-0.057677 0.11799 1.1792 0.58029 -0.45986 -0.46456 0.48578
-0.057995 0.11809 1.1788 0.58061 -0.4603 -0.46425 0.48527
-0.057995 0.11809 1.1788 0.58061 -0.4603 -0.46425 0.48527
-0.057931 0.11783 1.1794 0.57981 -0.4609 -0.4647 0.48523
-0.057585 0.11772 1.179 0.58082 -0.45975 -0.46406 0.48573
-0.057585 0.11772 1.179 0.58082 -0.45975 -0.46406 0.48573
-0.057936 0.11767 1.179 0.58067 -0.46028 -0.46476 0.48473
-0.057741 0.11775 1.179 0.58063 -0.46054 -0.46473 0.48456
-0.057813 0.11762 1.179 0.58048 -0.46039 -0.46467 0.48494
-0.057739 0.11764 1.1793 0.5806 -0.4604 -0.46417 0.48526
-0.057972 0.11768 1.1791 0.58044 -0.46017 -0.46444 0.48542
-0.05766 0.11781 1.1788 0.5806 -0.4602 -0.46489 0.48476
-0.057778 0.11756 1.1794 0.58016 -0.46053 -0.4648 0.48507
-0.057778 0.11756 1.1794 0.58016 -0.46053 -0.4648 0.48507
-0.057847 0.11749 1.179 0.58086 -0.46055 -0.46439 0.48461
-0.058328 0.11785 1.179 0.5806 -0.46022 -0.46462 0.485
-0.0574 0.11867 1.1795 0.58014 -0.46054 -0.46348 0.48633
-0.0574 0.11867 1.1795 0.58014 -0.46054 -0.46348 0.48633
-0.057786 0.11778 1.1792 0.58025 -0.46037 -0.4646 0.4853
-0.057671 0.118 1.1793 0.58022 -0.46058 -0.46428 0.48544
-0.058269 0.11786 1.1792 0.58025 -0.46134 -0.46448 0.48449
-0.057848 0.11864 1.179 0.57993 -0.46104 -0.46442 0.48522
-0.057445 0.11751 1.1791 0.58066 -0.45973 -0.46482 0.4852
-0.057355 0.11765 1.1794 0.58011 -0.45999 -0.46488 0.48556
-0.058126 0.11768 1.1791 0.5805 -0.46088 -0.4646 0.48452
-0.058126 0.11768 1.1791 0.5805 -0.46088 -0.4646 0.48452
-0.057889 0.11768 1.1789 0.58059 -0.45997 -0.46499 0.4849
-0.057551 0.11773 1.1792 0.58029 -0.45992 -0.46503 0.48527
-0.057551 0.11773 1.1792 0.58029 -0.45992 -0.46503 0.48527
-0.057551 0.11773 1.1792 0.58029 -0.45992 -0.46503 0.48527
-0.057551 0.11773 1.1792 0.58029 -0.45992 -0.46503 0.48527
-0.057741 0.1184 1.1791 0.5799 -0.4605 -0.46438 0.4858
-0.05816 0.1177 1.1795 0.5798 -0.46067 -0.4648 0.48536
-0.057925 0.11757 1.1793 0.58063 -0.46071 -0.46453 0.48459
-0.057925 0.11757 1.1793 0.58063 -0.46071 -0.46453 0.48459
-0.057925 0.11757 1.1793 0.58063 -0.46071 -0.46453 0.48459
-0.057892 0.11762 1.1789 0.58081 -0.46035 -0.46468 0.48457
-0.058031 0.1174 1.1791 0.58086 -0.46051 -0.46449 0.48454
-0.058031 0.1174 1.1791 0.58086 -0.46051 -0.46449 0.48454
-0.058031 0.1174 1.1791 0.58086 -0.46051 -0.46449 0.48454
-0.057532 0.11768 1.1791 0.58024 -0.46026 -0.4649 0.48513
-0.05727 0.11744 1.179 0.58113 -0.45947 -0.46413 0.48555
-0.05727 0.11744 1.179 0.58113 -0.45947 -0.46413 0.48555
-0.057113 0.11717 1.1787 0.58125 -0.45964 -0.4648 0.4846
-0.057113 0.11717 1.1787 0.58125 -0.45964 -0.4648 0.4846
-0.057743 0.1178 1.179 0.58063 -0.46058 -0.46417 0.48506
-0.057458 0.11798 1.179 0.58042 -0.45978 -0.46448 0.48577
-0.058345 0.11784 1.1793 0.58018 -0.46096 -0.46467 0.48476
-0.058345 0.11784 1.1793 0.58018 -0.46096 -0.46467 0.48476
-0.058345 0.11784 1.1793 0.58018 -0.46096 -0.46467 0.48476
-0.058345 0.11784 1.1793 0.58018 -0.46096 -0.46467 0.48476
-0.057426 0.11874 1.1793 0.57949 -0.46015 -0.46417 0.48682
-0.058078 0.11782 1.1791 0.58048 -0.46049 -0.46431 0.48519
-0.058078 0.11782 1.1791 0.58048 -0.46049 -0.46431 0.48519
-0.058078 0.11782 1.1791 0.58048 -0.46049 -0.46431 0.48519
-0.058078 0.11782 1.1791 0.58048 -0.46049 -0.46431 0.48519
-0.057602 0.11823 1.179 0.58032 -0.46029 -0.46411 0.48577
-0.057978 0.11742 1.1789 0.58115 -0.45988 -0.46469 0.4846
-0.057264 0.11801 1.1793 0.58004 -0.46023 -0.46476 0.48553
-0.057264 0.11801 1.1793 0.58004 -0.46023 -0.46476 0.48553
-0.057865 0.1177 1.1794 0.5803 -0.46028 -0.46457 0.48535
-0.057699 0.11806 1.1793 0.58026 -0.46099 -0.46387 0.4854
-0.058242 0.11777 1.1789 0.58002 -0.4604 -0.46548 0.48469
-0.058242 0.11777 1.1789 0.58002 -0.4604 -0.46548 0.48469
-0.058242 0.11777 1.1789 0.58002 -0.4604 -0.46548 0.48469
-0.058242 0.11777 1.1789 0.58002 -0.4604 -0.46548 0.48469
-0.057835 0.11807 1.1794 0.57995 -0.46068 -0.46437 0.48557
-0.057295 0.1177 1.1797 0.58053 -0.46048 -0.46391 0.48553
-0.057295 0.1177 1.1797 0.58053 -0.46048 -0.46391 0.48553
-0.057295 0.1177 1.1797 0.58053 -0.46048 -0.46391 0.48553
-0.057295 0.1177 1.1797 0.58053 -0.46048 -0.46391 0.48553
-0.057901 0.11772 1.1805 0.57983 -0.46061 -0.46429 0.48588
-0.058436 0.11801 1.1804 0.58036 -0.46142 -0.46371 0.48502
-0.058317 0.1183 1.1803 0.58034 -0.46135 -0.46391 0.48492
-0.058317 0.1183 1.1803 0.58034 -0.46135 -0.46391 0.48492
-0.05826 0.118 1.1814 0.58001 -0.46159 -0.46391 0.48509
-0.058673 0.11841 1.1816 0.58026 -0.46206 -0.46332 0.4849
-0.058745 0.11833 1.182 0.58044 -0.46191 -0.46313 0.48502
-0.058136 0.11839 1.1827 0.58 -0.46148 -0.46367 0.48543
-0.058136 0.11839 1.1827 0.58 -0.46148 -0.46367 0.48543
-0.058136 0.11839 1.1827 0.58 -0.46148 -0.46367 0.48543
-0.058492 0.1184 1.1836 0.58017 -0.46126 -0.46367 0.48544
-0.058947 0.11802 1.1853 0.57975 -0.46174 -0.46377 0.48539
-0.058947 0.11802 1.1853 0.57975 -0.46174 -0.46377 0.48539
-0.058947 0.11802 1.1853 0.57975 -0.46174 -0.46377 0.48539
-0.058947 0.11802 1.1853 0.57975 -0.46174 -0.46377 0.48539
-0.058902 0.11769 1.1866 0.58033 -0.46201 -0.4637 0.48451
-0.058924 0.1184 1.1873 0.58086 -0.46201 -0.46332 0.48423
-0.058924 0.1184 1.1873 0.58086 -0.46201 -0.46332 0.48423
-0.058924 0.1184 1.1873 0.58086 -0.46201 -0.46332 0.48423
-0.058924 0.1184 1.1873 0.58086 -0.46201 -0.46332 0.48423
-0.058571 0.11807 1.1897 0.58101 -0.46109 -0.46317 0.48507
-0.058343 0.11891 1.1909 0.57957 -0.46225 -0.46327 0.4856
-0.058655 0.11833 1.1921 0.57999 -0.46175 -0.46343 0.48541
-0.058655 0.11833 1.1921 0.57999 -0.46175 -0.46343 0.48541
-0.058678 0.11822 1.1934 0.58019 -0.46161 -0.46335 0.48539
-0.058242 0.11812 1.195 0.58052 -0.4612 -0.4635 0.48524
-0.058242 0.11812 1.195 0.58052 -0.4612 -0.4635 0.48524
-0.057586 0.11793 1.1955 0.58083 -0.46024 -0.46398 0.48532
-0.057586 0.11793 1.1955 0.58083 -0.46024 -0.46398 0.48532
-0.057785 0.11825 1.1978 0.58046 -0.46061 -0.46356 0.48581
-0.058283 0.11797 1.1987 0.58048 -0.46126 -0.46371 0.48503
-0.057696 0.11771 1.2006 0.5807 -0.46054 -0.46388 0.48529
-0.057696 0.11771 1.2006 0.5807 -0.46054 -0.46388 0.48529
-0.057696 0.11771 1.2006 0.5807 -0.46054 -0.46388 0.48529
-0.057736 0.1169 1.2024 0.58122 -0.45959 -0.46464 0.48484
-0.057843 0.11776 1.2041 0.58011 -0.4611 -0.4642 0.48514
-0.057957 0.11684 1.2057 0.58129 -0.45994 -0.46447 0.48458
-0.057957 0.11684 1.2057 0.58129 -0.45994 -0.46447 0.48458
-0.057957 0.11684 1.2057 0.58129 -0.45994 -0.46447 0.48458
-0.057957 0.11684 1.2057 0.58129 -0.45994 -0.46447 0.48458
-0.05796 0.11693 1.2094 0.58099 -0.46046 -0.46422 0.48469
-0.057419 0.11739 1.2104 0.58047 -0.46002 -0.46454 0.48543
-0.057621 0.11741 1.212 0.58042 -0.46041 -0.46421 0.48544
-0.057621 0.11741 1.212 0.58042 -0.46041 -0.46421 0.48544
-0.057823 0.11727 1.2141 0.58039 -0.46062 -0.46488 0.48463
-0.057504 0.11759 1.217 0.58005 -0.46024 -0.46412 0.48611
-0.057504 0.11759 1.217 0.58005 -0.46024 -0.46412 0.48611
-0.05803 0.11764 1.2182 0.5802 -0.46152 -0.46378 0.48505
-0.05803 0.11764 1.2182 0.5802 -0.46152 -0.46378 0.48505
-0.05803 0.11764 1.2182 0.5802 -0.46152 -0.46378 0.48505
-0.057721 0.11708 1.2215 0.58046 -0.46035 -0.46415 0.4855
-0.058512 0.11709 1.2237 0.58009 -0.461 -0.46442 0.48506
-0.058512 0.11709 1.2237 0.58009 -0.461 -0.46442 0.48506
-0.058512 0.11709 1.2237 0.58009 -0.461 -0.46442 0.48506
-0.058512 0.11709 1.2237 0.58009 -0.461 -0.46442 0.48506
-0.057388 0.11729 1.2271 0.58049 -0.46033 -0.46404 0.48557
-0.05756 0.1173 1.2295 0.58021 -0.46082 -0.46423 0.48527
-0.05756 0.1173 1.2295 0.58021 -0.46082 -0.46423 0.48527
-0.05756 0.1173 1.2295 0.58021 -0.46082 -0.46423 0.48527
-0.057886 0.11722 1.2314 0.58059 -0.4609 -0.464 0.48497
-0.057839 0.1172 1.2332 0.58065 -0.46072 -0.46489 0.48421
-0.057144 0.11771 1.2338 0.5808 -0.46069 -0.46471 0.48423
-0.057144 0.11771 1.2338 0.5808 -0.46069 -0.46471 0.48423
-0.057144 0.11771 1.2338 0.5808 -0.46069 -0.46471 0.48423
-0.057144 0.11771 1.2338 0.5808 -0.46069 -0.46471 0.48423
-0.056947 0.11814 1.2379 0.57947 -0.46144 -0.46464 0.48518
-0.057279 0.11738 1.2395 0.58009 -0.46154 -0.46511 0.48389
-0.057279 0.11738 1.2395 0.58009 -0.46154 -0.46511 0.48389
-0.057279 0.11738 1.2395 0.58009 -0.46154 -0.46511 0.48389
-0.057279 0.11738 1.2395 0.58009 -0.46154 -0.46511 0.48389
-0.056664 0.11747 1.2419 0.57956 -0.46113 -0.46632 0.48375
-0.05705 0.1169 1.2429 0.57968 -0.4618 -0.46612 0.48316
-0.057129 0.11757 1.244 0.57905 -0.4626 -0.4662 0.48308
-0.057129 0.11757 1.244 0.57905 -0.4626 -0.4662 0.48308
-0.056966 0.11816 1.2455 0.57869 -0.46301 -0.46582 0.48348
-0.056682 0.11749 1.2463 0.57889 -0.46282 -0.46637 0.4829
-0.056667 0.11762 1.2472 0.57843 -0.46342 -0.46627 0.48296
-0.056471 0.11827 1.2476 0.57828 -0.46328 -0.46647 0.48308
-0.056471 0.11827 1.2476 0.57828 -0.46328 -0.46647 0.48308
-0.056566 0.11722 1.2496 0.57796 -0.46381 -0.46697 0.48248
-0.055757 0.11736 1.2508 0.57791 -0.4637 -0.46714 0.48248
-0.055757 0.11736 1.2508 0.57791 -0.4637 -0.46714 0.48248
-0.055376 0.11757 1.2515 0.57732 -0.46343 -0.46738 0.48321
-0.055376 0.11757 1.2515 0.57732 -0.46343 -0.46738 0.48321
-0.055376 0.11757 1.2515 0.57732 -0.46343 -0.46738 0.48321
-0.05571 0.11769 1.2532 0.57749 -0.46421 -0.46774 0.48191
-0.05571 0.11769 1.2532 0.57749 -0.46421 -0.46774 0.48191
-0.055416 0.11835 1.2542 0.57667 -0.46474 -0.46752 0.4826
-0.055416 0.11835 1.2542 0.57667 -0.46474 -0.46752 0.4826
-0.055416 0.11835 1.2542 0.57667 -0.46474 -0.46752 0.4826
-0.055616 0.11757 1.2559 0.57608 -0.4655 -0.46881 0.48131
-0.055616 0.11757 1.2559 0.57608 -0.4655 -0.46881 0.48131
-0.055282 0.1178 1.2563 0.57617 -0.46587 -0.46869 0.48095
-0.055282 0.1178 1.2563 0.57617 -0.46587 -0.46869 0.48095
-0.054639 0.11806 1.2569 0.57605 -0.46587 -0.46884 0.48096
-0.054969 0.11814 1.2577 0.57557 -0.46623 -0.46914 0.4809
-0.054969 0.11814 1.2577 0.57557 -0.46623 -0.46914 0.4809
-0.05475 0.11851 1.2581 0.57502 -0.46667 -0.46933 0.48093
-0.05475 0.11851 1.2581 0.57502 -0.46667 -0.46933 0.48093
-0.05475 0.11851 1.2581 0.57502 -0.46667 -0.46933 0.48093
-0.053493 0.11719 1.2587 0.57565 -0.46547 -0.47059 0.48011
-0.053806 0.11755 1.2589 0.57551 -0.46601 -0.4704 0.47994
-0.053806 0.11755 1.2589 0.57551 -0.46601 -0.4704 0.47994
-0.053806 0.11755 1.2589 0.57551 -0.46601 -0.4704 0.47994
-0.053806 0.11755 1.2589 0.57551 -0.46601 -0.4704 0.47994
-0.054002 0.1178 1.2598 0.5747 -0.46657 -0.47027 0.48049
-0.053336 0.11816 1.2593 0.5748 -0.46627 -0.47084 0.48012
-0.053759 0.11809 1.2596 0.57467 -0.46686 -0.47055 0.47998
-0.053759 0.11809 1.2596 0.57467 -0.46686 -0.47055 0.47998
-0.053257 0.11745 1.2599 0.57475 -0.46656 -0.47101 0.47971
-0.053589 0.11826 1.2604 0.57392 -0.4677 -0.47072 0.47989
-0.053917 0.11847 1.2597 0.57443 -0.46728 -0.47082 0.47959
-0.054066 0.11825 1.2598 0.57454 -0.46794 -0.47064 0.47899
-0.054066 0.11825 1.2598 0.57454 -0.46794 -0.47064 0.47899
-0.054037 0.11837 1.2594 0.57444 -0.46766 -0.47108 0.47895
-0.053845 0.11816 1.2596 0.57402 -0.46763 -0.47158 0.47899
-0.053172 0.11811 1.2601 0.57388 -0.46782 -0.47132 0.47923
-0.053172 0.11811 1.2601 0.57388 -0.46782 -0.47132 0.47923
-0.053172 0.11811 1.2601 0.57388 -0.46782 -0.47132 0.47923
-0.053172 0.11811 1.2601 0.57388 -0.46782 -0.47132 0.47923
-0.053406 0.11788 1.2597 0.57423 -0.4675 -0.47152 0.47894
-0.053305 0.11868 1.26 0.57357 -0.46793 -0.47124 0.47958
-0.053305 0.11868 1.26 0.57357 -0.46793 -0.47124 0.47958
-0.053305 0.11868 1.26 0.57357 -0.46793 -0.47124 0.47958
-0.05313 0.11856 1.2599 0.5736 -0.46796 -0.47164 0.47912
-0.053126 0.11838 1.26 0.57358 -0.46856 -0.47153 0.47867
-0.052851 0.11876 1.2598 0.5739 -0.46762 -0.47102 0.47969
-0.052851 0.11876 1.2598 0.5739 -0.46762 -0.47102 0.47969
-0.052851 0.11876 1.2598 0.5739 -0.46762 -0.47102 0.47969
-0.053009 0.1189 1.2597 0.57392 -0.46823 -0.47104 0.47905
-0.052883 0.11788 1.2596 0.57455 -0.46702 -0.47157 0.47897
-0.053729 0.11814 1.2596 0.57396 -0.46816 -0.47165 0.47848
-0.053729 0.11814 1.2596 0.57396 -0.46816 -0.47165 0.47848
-0.053527 0.11826 1.2603 0.57328 -0.46833 -0.47167 0.47911
-0.053527 0.11826 1.2603 0.57328 -0.46833 -0.47167 0.47911
-0.053236 0.11884 1.2598 0.57343 -0.46847 -0.47155 0.47891
-0.053062 0.11834 1.2599 0.57375 -0.46831 -0.47172 0.47852
-0.053062 0.11834 1.2599 0.57375 -0.46831 -0.47172 0.47852
-0.053062 0.11834 1.2599 0.57375 -0.46831 -0.47172 0.47852
-0.053062 0.11834 1.2599 0.57375 -0.46831 -0.47172 0.47852
-0.053509 0.11799 1.2595 0.57437 -0.46873 -0.47137 0.47771
-0.053397 0.11832 1.2594 0.57391 -0.46831 -0.47187 0.47818
-0.052892 0.11818 1.2599 0.57358 -0.46805 -0.47196 0.47874
-0.052892 0.11818 1.2599 0.57358 -0.46805 -0.47196 0.47874
-0.052892 0.11818 1.2599 0.57358 -0.46805 -0.47196 0.47874
-0.053288 0.11847 1.2598 0.57334 -0.46872 -0.47187 0.47845
-0.053017 0.11862 1.2599 0.57364 -0.46805 -0.47147 0.47915
-0.052698 0.11867 1.2598 0.57364 -0.46813 -0.47173 0.47881
-0.052698 0.11867 1.2598 0.57364 -0.46813 -0.47173 0.47881
-0.05305 0.11833 1.2597 0.5736 -0.46866 -0.47198 0.4781
-0.052267 0.11851 1.2601 0.57352 -0.46835 -0.47166 0.47882
-0.052267 0.11851 1.2601 0.57352 -0.46835 -0.47166 0.47882
-0.053251 0.11844 1.2593 0.57424 -0.4682 -0.47168 0.47807
-0.053251 0.11844 1.2593 0.57424 -0.4682 -0.47168 0.47807
-0.053251 0.11844 1.2593 0.57424 -0.4682 -0.47168 0.47807
-0.05286 0.11901 1.26 0.57311 -0.46912 -0.47147 0.47873
-0.05283 0.11895 1.2599 0.57328 -0.46831 -0.4718 0.47899
-0.05283 0.11895 1.2599 0.57328 -0.46831 -0.4718 0.47899
-0.05283 0.11895 1.2599 0.57328 -0.46831 -0.4718 0.47899
-0.05283 0.11895 1.2599 0.57328 -0.46831 -0.4718 0.47899
-0.053066 0.11827 1.2594 0.57394 -0.46803 -0.4724 0.47789
-0.052998 0.11872 1.2599 0.57357 -0.46837 -0.47135 0.47903
-0.052802 0.11854 1.2597 0.57327 -0.46801 -0.47217 0.47894
-0.052802 0.11854 1.2597 0.57327 -0.46801 -0.47217 0.47894
-0.05235 0.1191 1.26 0.57379 -0.46811 -0.47078 0.47959
-0.053087 0.11791 1.2598 0.57363 -0.46835 -0.47226 0.47808
-0.053337 0.11897 1.2599 0.57322 -0.46916 -0.4718 0.47824
-0.053101 0.11845 1.2596 0.57364 -0.46858 -0.47218 0.47793
-0.053101 0.11845 1.2596 0.57364 -0.46858 -0.47218 0.47793
-0.052693 0.11835 1.2595 0.57395 -0.46842 -0.47195 0.47794
-0.052876 0.11808 1.2594 0.57404 -0.46808 -0.47205 0.47807
-0.052876 0.11808 1.2594 0.57404 -0.46808 -0.47205 0.47807
-0.053052 0.11903 1.2596 0.57341 -0.46875 -0.47173 0.47848
-0.053052 0.11903 1.2596 0.57341 -0.46875 -0.47173 0.47848
-0.053052 0.11903 1.2596 0.57341 -0.46875 -0.47173 0.47848
-0.053128 0.11819 1.2595 0.57401 -0.46817 -0.47183 0.47823
-0.053379 0.11804 1.2597 0.5735 -0.4688 -0.47247 0.4776
-0.052927 0.11864 1.2598 0.57345 -0.46856 -0.47189 0.47846
-0.052927 0.11864 1.2598 0.57345 -0.46856 -0.47189 0.47846
-0.052927 0.11864 1.2598 0.57345 -0.46856 -0.47189 0.47846
-0.053096 0.11817 1.2599 0.57377 -0.46781 -0.4715 0.4792
-0.053014 0.11884 1.2596 0.57346 -0.46861 -0.47199 0.47831
-0.052742 0.11849 1.2597 0.57373 -0.46854 -0.47145 0.47858
-0.052742 0.11849 1.2597 0.57373 -0.46854 -0.47145 0.47858
-0.052478 0.11799 1.2596 0.57408 -0.46783 -0.47198 0.47833
-0.052785 0.11883 1.2599 0.57321 -0.46848 -0.47153 0.47918
-0.052927 0.11892 1.2599 0.57336 -0.46853 -0.47151 0.47898
-0.053091 0.11852 1.2598 0.57345 -0.46853 -0.47198 0.47841
-0.053091 0.11852 1.2598 0.57345 -0.46853 -0.47198 0.47841
-0.053091 0.11852 1.2598 0.57345 -0.46853 -0.47198 0.47841
-0.052975 0.11841 1.2593 0.57397 -0.46806 -0.4721 0.47812
-0.052907 0.11854 1.2595 0.57347 -0.46882 -0.4722 0.47789
-0.052907 0.11854 1.2595 0.57347 -0.46882 -0.4722 0.47789
-0.052907 0.11854 1.2595 0.57347 -0.46882 -0.4722 0.47789
-0.052907 0.11854 1.2595 0.57347 -0.46882 -0.4722 0.47789
-0.052685 0.11866 1.26 0.57304 -0.46854 -0.47236 0.47851
-0.053036 0.11823 1.2594 0.57395 -0.46842 -0.47232 0.47757
-0.053036 0.11823 1.2594 0.57395 -0.46842 -0.47232 0.47757
-0.053036 0.11823 1.2594 0.57395 -0.46842 -0.47232 0.47757
-0.053036 0.11823 1.2594 0.57395 -0.46842 -0.47232 0.47757
-0.052706 0.1183 1.2599 0.5738 -0.46795 -0.47153 0.479
-0.052417 0.11853 1.2597 0.57341 -0.46816 -0.47213 0.47867
-0.052986 0.11845 1.2597 0.57336 -0.469 -0.47204 0.478
-0.052986 0.11845 1.2597 0.57336 -0.469 -0.47204 0.478
-0.052968 0.11867 1.2594 0.57367 -0.46856 -0.47198 0.47811
-0.052904 0.11806 1.2595 0.57358 -0.4682 -0.47258 0.47797
-0.052904 0.11806 1.2595 0.57358 -0.4682 -0.47258 0.47797
-0.052966 0.11877 1.26 0.57298 -0.46876 -0.47191 0.47882
-0.052966 0.11877 1.26 0.57298 -0.46876 -0.47191 0.47882
-0.052966 0.11877 1.26 0.57298 -0.46876 -0.47191 0.47882
-0.052757 0.11875 1.2594 0.57373 -0.46852 -0.47202 0.47804
-0.052921 0.11909 1.2598 0.57293 -0.46879 -0.47185 0.47889
-0.052921 0.11909 1.2598 0.57293 -0.46879 -0.47185 0.47889
-0.052921 0.11909 1.2598 0.57293 -0.46879 -0.47185 0.47889
-0.052921 0.11909 1.2598 0.57293 -0.46879 -0.47185 0.47889
-0.053009 0.11842 1.2598 0.57348 -0.46858 -0.47177 0.47853
-0.052798 0.11877 1.2598 0.57339 -0.46836 -0.4719 0.47872
-0.053381 0.11857 1.2595 0.57344 -0.46899 -0.47217 0.47778
-0.053381 0.11857 1.2595 0.57344 -0.46899 -0.47217 0.47778
-0.053381 0.11857 1.2595 0.57344 -0.46899 -0.47217 0.47778
-0.052259 0.11873 1.2595 0.57395 -0.4675 -0.4716 0.47918
-0.052925 0.11888 1.2596 0.57333 -0.46927 -0.47192 0.47788
-0.053195 0.11886 1.2596 0.57343 -0.4687 -0.47188 0.47836
-0.053195 0.11886 1.2596 0.57343 -0.4687 -0.47188 0.47836
-0.053195 0.11886 1.2596 0.57343 -0.4687 -0.47188 0.47836
-0.052893 0.11855 1.2597 0.5734 -0.46905 -0.47219 0.47774
-0.052893 0.11855 1.2597 0.5734 -0.46905 -0.47219 0.47774
-0.052895 0.11835 1.2596 0.5736 -0.46863 -0.47235 0.47777
-0.052895 0.11835 1.2596 0.5736 -0.46863 -0.47235 0.47777
-0.052895 0.11835 1.2596 0.5736 -0.46863 -0.47235 0.47777
-0.052929 0.11887 1.2598 0.57344 -0.46891 -0.47165 0.47837
-0.052894 0.11882 1.2599 0.57307 -0.46847 -0.47174 0.47916
-0.052894 0.11882 1.2599 0.57307 -0.46847 -0.47174 0.47916
-0.052894 0.11882 1.2599 0.57307 -0.46847 -0.47174 0.47916
-0.052894 0.11882 1.2599 0.57307 -0.46847 -0.47174 0.47916
-0.052898 0.11832 1.2596 0.57319 -0.46861 -0.47255 0.47807
-0.052997 0.11888 1.2595 0.57348 -0.46931 -0.47201 0.47758
-0.053306 0.11874 1.26 0.5728 -0.46918 -0.47227 0.47826
-0.053306 0.11874 1.26 0.5728 -0.46918 -0.47227 0.47826
-0.052839 0.11887 1.26 0.57305 -0.46909 -0.47159 0.47872
-0.053101 0.11862 1.2597 0.57322 -0.46917 -0.47205 0.47798
-0.052991 0.11855 1.2595 0.57386 -0.4686 -0.47193 0.47789
-0.052729 0.11947 1.2597 0.57257 -0.46922 -0.47212 0.47864
-0.052729 0.11947 1.2597 0.57257 -0.46922 -0.47212 0.47864
-0.05232 0.1187 1.2595 0.57355 -0.46839 -0.47207 0.47833
-0.053088 0.11878 1.2594 0.57373 -0.46875 -0.47188 0.47796
-0.052611 0.11856 1.2595 0.57386 -0.46803 -0.47182 0.47856
-0.052611 0.11856 1.2595 0.57386 -0.46803 -0.47182 0.47856
-0.052611 0.11856 1.2595 0.57386 -0.46803 -0.47182 0.47856
-0.052611 0.11856 1.2595 0.57386 -0.46803 -0.47182 0.47856
-0.052936 0.119 1.26 0.5732 -0.46934 -0.47156 0.47832
-0.053166 0.119 1.2597 0.5733 -0.469 -0.47185 0.47824
-0.052651 0.11894 1.2597 0.57343 -0.46895 -0.47185 0.47814
-0.052651 0.11894 1.2597 0.57343 -0.46895 -0.47185 0.47814
-0.052651 0.11894 1.2597 0.57343 -0.46895 -0.47185 0.47814
-0.052921 0.1191 1.2594 0.57335 -0.46901 -0.47182 0.47821
-0.052921 0.1191 1.2594 0.57335 -0.46901 -0.47182 0.47821
-0.052896 0.1178 1.2595 0.57339 -0.46837 -0.47309 0.47754
-0.052896 0.1178 1.2595 0.57339 -0.46837 -0.47309 0.47754
-0.052948 0.11844 1.2598 0.57345 -0.46895 -0.47217 0.47781
-0.052929 0.11832 1.2596 0.57332 -0.46875 -0.4723 0.47803
-0.052929 0.11832 1.2596 0.57332 -0.46875 -0.4723 0.47803
-0.052456 0.11814 1.2596 0.57373 -0.46805 -0.47207 0.47845
-0.052456 0.11814 1.2596 0.57373 -0.46805 -0.47207 0.47845
-0.052456 0.11814 1.2596 0.57373 -0.46805 -0.47207 0.47845
-0.052888 0.11885 1.2598 0.57336 -0.46885 -0.4718 0.47837
-0.052993 0.11902 1.2597 0.57278 -0.46893 -0.47251 0.47829
-0.052993 0.11902 1.2597 0.57278 -0.46893 -0.47251 0.47829
-0.052993 0.11902 1.2597 0.57278 -0.46893 -0.47251 0.47829
-0.053219 0.11888 1.2597 0.57327 -0.46898 -0.47175 0.4784
-0.053352 0.11888 1.2601 0.57266 -0.46984 -0.47186 0.47818
-0.052908 0.11824 1.2597 0.57351 -0.46898 -0.47226 0.47761
-0.053399 0.11828 1.2597 0.57354 -0.4697 -0.47193 0.47719
-0.053399 0.11828 1.2597 0.57354 -0.4697 -0.47193 0.47719
-0.052883 0.11752 1.2597 0.57359 -0.46834 -0.4729 0.47751
-0.05224 0.11826 1.2595 0.57372 -0.46802 -0.47253 0.47803
-0.052844 0.11869 1.2596 0.57329 -0.46836 -0.47223 0.47853
-0.052753 0.11917 1.2595 0.57383 -0.46848 -0.47109 0.47887
-0.052753 0.11917 1.2595 0.57383 -0.46848 -0.47109 0.47887
-0.052896 0.11927 1.2598 0.57317 -0.4692 -0.47156 0.47849
-0.052763 0.11907 1.2598 0.57305 -0.46882 -0.4717 0.47887
-0.052763 0.11907 1.2598 0.57305 -0.46882 -0.4717 0.47887
-0.052792 0.11833 1.2594 0.57368 -0.4683 -0.47223 0.47811
-0.052792 0.11833 1.2594 0.57368 -0.4683 -0.47223 0.47811
-0.052792 0.11833 1.2594 0.57368 -0.4683 -0.47223 0.47811
-0.052969 0.11878 1.2597 0.57319 -0.46863 -0.47222 0.47838
-0.053291 0.11822 1.2599 0.57357 -0.46882 -0.47185 0.47811
-0.053291 0.11822 1.2599 0.57357 -0.46882 -0.47185 0.47811
-0.053291 0.11822 1.2599 0.57357 -0.46882 -0.47185 0.47811
-0.053291 0.11822 1.2599 0.57357 -0.46882 -0.47185 0.47811
-0.052735 0.1182 1.2597 0.5735 -0.4681 -0.47226 0.47849
-0.053504 0.11887 1.2597 0.57325 -0.46977 -0.47191 0.47749
-0.052668 0.11844 1.2596 0.57356 -0.46828 -0.47224 0.47825
-0.052668 0.11844 1.2596 0.57356 -0.46828 -0.47224 0.47825
-0.052561 0.11813 1.2598 0.57352 -0.46863 -0.47213 0.47808
-0.052938 0.11869 1.2595 0.57322 -0.46852 -0.47267 0.47801
-0.052871 0.11857 1.2596 0.57355 -0.46875 -0.47187 0.47819
-0.052758 0.11915 1.2599 0.57297 -0.46933 -0.47159 0.47857
-0.052758 0.11915 1.2599 0.57297 -0.46933 -0.47159 0.47857
-0.052758 0.11915 1.2599 0.57297 -0.46933 -0.47159 0.47857
-0.052949 0.11908 1.2598 0.57294 -0.46937 -0.47194 0.47824
-0.052812 0.1182 1.2598 0.57347 -0.46829 -0.47205 0.47855
-0.052812 0.1182 1.2598 0.57347 -0.46829 -0.47205 0.47855
-0.052812 0.1182 1.2598 0.57347 -0.46829 -0.47205 0.47855
-0.052812 0.1182 1.2598 0.57347 -0.46829 -0.47205 0.47855
-0.052862 0.11903 1.2598 0.57324 -0.4689 -0.47187 0.47841
-0.052281 0.1192 1.2597 0.57328 -0.46857 -0.47168 0.47886
-0.05281 0.11839 1.2594 0.57327 -0.46842 -0.4727 0.47802
-0.05281 0.11839 1.2594 0.57327 -0.46842 -0.4727 0.47802
-0.05281 0.11839 1.2594 0.57327 -0.46842 -0.4727 0.47802
-0.052743 0.11882 1.2599 0.57319 -0.4688 -0.47194 0.4785
-0.053222 0.11892 1.2596 0.57355 -0.469 -0.47158 0.47822
-0.053222 0.11892 1.2596 0.57355 -0.469 -0.47158 0.47822
-0.053222 0.11892 1.2596 0.57355 -0.469 -0.47158 0.47822
-0.052879 0.11888 1.2595 0.57331 -0.46904 -0.47207 0.47799
-0.052694 0.11882 1.2596 0.57297 -0.46884 -0.47244 0.47823
-0.052694 0.11882 1.2596 0.57297 -0.46884 -0.47244 0.47823
-0.053371 0.11865 1.2594 0.5734 -0.46889 -0.4722 0.4779
-0.053371 0.11865 1.2594 0.5734 -0.46889 -0.4722 0.4779
-0.053371 0.11865 1.2594 0.5734 -0.46889 -0.4722 0.4779
-0.052956 0.11893 1.2601 0.57314 -0.46899 -0.47138 0.47891
-0.052861 0.1188 1.2594 0.57339 -0.4685 -0.47234 0.47815
-0.052861 0.1188 1.2594 0.57339 -0.4685 -0.47234 0.47815
-0.052861 0.1188 1.2594 0.57339 -0.4685 -0.47234 0.47815
-0.052861 0.1188 1.2594 0.57339 -0.4685 -0.47234 0.47815
-0.053146 0.11868 1.2596 0.57348 -0.46915 -0.47182 0.47791
-0.052786 0.11818 1.2596 0.57379 -0.46864 -0.47218 0.47769
-0.05277 0.11949 1.2601 0.57268 -0.46951 -0.47156 0.47877
-0.05277 0.11949 1.2601 0.57268 -0.46951 -0.47156 0.47877
-0.05277 0.11949 1.2601 0.57268 -0.46951 -0.47156 0.47877
-0.052917 0.11835 1.2596 0.57338 -0.46876 -0.4727 0.47755
-0.052417 0.11853 1.2597 0.57323 -0.46798 -0.47231 0.47889
-0.052809 0.11864 1.2598 0.57334 -0.46866 -0.4722 0.4782
-0.052809 0.11864 1.2598 0.57334 -0.46866 -0.4722 0.4782
-0.053231 0.11839 1.2594 0.57374 -0.46817 -0.47243 0.47796
-0.052535 0.1182 1.2588 0.57407 -0.46747 -0.47297 0.47772
-0.052535 0.1182 1.2588 0.57407 -0.46747 -0.47297 0.47772
-0.053234 0.11867 1.2602 0.57261 -0.46974 -0.47193 0.47827
-0.053234 0.11867 1.2602 0.57261 -0.46974 -0.47193 0.47827
-0.053234 0.11867 1.2602 0.57261 -0.46974 -0.47193 0.47827
-0.051988 0.11924 1.26 0.57276 -0.46819 -0.47205 0.47948
-0.053207 0.11813 1.2593 0.57373 -0.46831 -0.47252 0.47775
-0.053207 0.11813 1.2593 0.57373 -0.46831 -0.47252 0.47775
-0.053207 0.11813 1.2593 0.57373 -0.46831 -0.47252 0.47775
-0.053207 0.11813 1.2593 0.57373 -0.46831 -0.47252 0.47775
-0.05238 0.11927 1.2595 0.57318 -0.46855 -0.47182 0.47886
-0.052873 0.1187 1.2595 0.57331 -0.46885 -0.47225 0.47799
-0.052873 0.1187 1.2595 0.57331 -0.46885 -0.47225 0.47799
-0.052873 0.1187 1.2595 0.57331 -0.46885 -0.47225 0.47799
-0.052787 0.11871 1.2595 0.57323 -0.46899 -0.4724 0.4778
-0.052469 0.11872 1.2595 0.57349 -0.46843 -0.47213 0.47831
-0.052469 0.11872 1.2595 0.57349 -0.46843 -0.47213 0.47831
-0.052586 0.11848 1.2595 0.5738 -0.46816 -0.47188 0.47845
-0.052586 0.11848 1.2595 0.5738 -0.46816 -0.47188 0.47845
-0.052586 0.11848 1.2595 0.5738 -0.46816 -0.47188 0.47845
-0.052809 0.11863 1.2598 0.57346 -0.46846 -0.47177 0.47866
-0.052809 0.11863 1.2598 0.57346 -0.46846 -0.47177 0.47866
-0.053265 0.1179 1.2595 0.57356 -0.46846 -0.47247 0.47785
-0.053265 0.1179 1.2595 0.57356 -0.46846 -0.47247 0.47785
-0.053265 0.1179 1.2595 0.57356 -0.46846 -0.47247 0.47785
-0.053589 0.11821 1.2597 0.57351 -0.46856 -0.47201 0.47828
-0.053021 0.11847 1.2595 0.57352 -0.46882 -0.47227 0.47774
-0.053021 0.11847 1.2595 0.57352 -0.46882 -0.47227 0.47774
-0.053021 0.11847 1.2595 0.57352 -0.46882 -0.47227 0.47774
-0.053021 0.11847 1.2595 0.57352 -0.46882 -0.47227 0.47774
-0.052666 0.11916 1.26 0.57266 -0.46911 -0.47207 0.47869
-0.052997 0.11885 1.2594 0.57336 -0.46878 -0.47224 0.478
-0.052601 0.11838 1.2597 0.5737 -0.46835 -0.47195 0.47832
-0.052601 0.11838 1.2597 0.5737 -0.46835 -0.47195 0.47832
-0.052815 0.11854 1.2596 0.57307 -0.4685 -0.47277 0.47812
-0.053097 0.11897 1.2595 0.57362 -0.46867 -0.47195 0.47809
-0.05312 0.11854 1.2593 0.57352 -0.46889 -0.47232 0.47764
-0.052859 0.11792 1.2598 0.57349 -0.46846 -0.47238 0.47803
-0.052859 0.11792 1.2598 0.57349 -0.46846 -0.47238 0.47803
-0.052859 0.11792 1.2598 0.57349 -0.46846 -0.47238 0.47803
-0.053178 0.11846 1.2597 0.57351 -0.46867 -0.47206 0.4781
-0.052818 0.11872 1.2598 0.573 -0.46928 -0.47244 0.47776
-0.052818 0.11872 1.2598 0.573 -0.46928 -0.47244 0.47776
-0.052818 0.11872 1.2598 0.573 -0.46928 -0.47244 0.47776
-0.052818 0.11872 1.2598 0.573 -0.46928 -0.47244 0.47776
-0.05276 0.11893 1.2596 0.57311 -0.46876 -0.47223 0.47834
-0.052777 0.11895 1.2598 0.5728 -0.46877 -0.47234 0.47859
-0.052777 0.11895 1.2598 0.5728 -0.46877 -0.47234 0.47859
-0.052777 0.11895 1.2598 0.5728 -0.46877 -0.47234 0.47859
-0.052777 0.11895 1.2598 0.5728 -0.46877 -0.47234 0.47859
-0.05336 0.11883 1.2598 0.57252 -0.46918 -0.47259 0.47828
-0.053303 0.11871 1.2597 0.57285 -0.46929 -0.47249 0.47786
-0.052462 0.11932 1.2598 0.57272 -0.46857 -0.4723 0.47893
-0.052462 0.11932 1.2598 0.57272 -0.46857 -0.4723 0.47893
-0.053502 0.11907 1.2598 0.57259 -0.46974 -0.47221 0.47802
-0.053128 0.11872 1.2598 0.57318 -0.46877 -0.47225 0.47823
-0.053542 0.1187 1.2598 0.57325 -0.4691 -0.47186 0.4782
-0.053081 0.11959 1.2599 0.57265 -0.46999 -0.47169 0.47821
-0.053081 0.11959 1.2599 0.57265 -0.46999 -0.47169 0.47821
-0.053081 0.11959 1.2599 0.57265 -0.46999 -0.47169 0.47821
-0.053076 0.11926 1.2599 0.57285 -0.4691 -0.47179 0.47874
-0.053322 0.11881 1.26 0.57283 -0.46903 -0.47219 0.47844
-0.053322 0.11881 1.26 0.57283 -0.46903 -0.47219 0.47844
-0.053322 0.11881 1.26 0.57283 -0.46903 -0.47219 0.47844
-0.053322 0.11881 1.26 0.57283 -0.46903 -0.47219 0.47844
-0.053338 0.11874 1.26 0.57284 -0.46922 -0.47211 0.47833
-0.053106 0.11843 1.2597 0.57331 -0.46848 -0.47246 0.47815
-0.053315 0.11801 1.2601 0.5734 -0.46858 -0.47212 0.47828
-0.053315 0.11801 1.2601 0.5734 -0.46858 -0.47212 0.47828
-0.053315 0.11801 1.2601 0.5734 -0.46858 -0.47212 0.47828
-0.052907 0.11932 1.2598 0.5728 -0.46923 -0.4721 0.47839
-0.052907 0.11932 1.2598 0.5728 -0.46923 -0.4721 0.47839
-0.053375 0.11891 1.2598 0.57283 -0.4693 -0.47224 0.47813
-0.053375 0.11891 1.2598 0.57283 -0.4693 -0.47224 0.47813
-0.052324 0.11818 1.26 0.57333 -0.46826 -0.47217 0.47862
-0.052825 0.11904 1.2597 0.57334 -0.46877 -0.47193 0.47834
-0.052737 0.11852 1.2598 0.57305 -0.46846 -0.47265 0.4783
-0.053286 0.1192 1.2602 0.57231 -0.46974 -0.47213 0.47843
-0.053286 0.1192 1.2602 0.57231 -0.46974 -0.47213 0.47843
-0.053286 0.1192 1.2602 0.57231 -0.46974 -0.47213 0.47843
-0.052677 0.11911 1.2599 0.573 -0.46845 -0.47217 0.47884
-0.052743 0.11939 1.26 0.57254 -0.46878 -0.47201 0.47922
-0.052743 0.11939 1.26 0.57254 -0.46878 -0.47201 0.47922
-0.052743 0.11939 1.26 0.57254 -0.46878 -0.47201 0.47922
-0.052743 0.11939 1.26 0.57254 -0.46878 -0.47201 0.47922
-0.053267 0.11891 1.2602 0.57273 -0.46927 -0.4719 0.47861
-0.052794 0.11853 1.2603 0.57234 -0.4691 -0.47267 0.47849
-0.052794 0.11853 1.2603 0.57234 -0.4691 -0.47267 0.47849
-0.052794 0.11853 1.2603 0.57234 -0.4691 -0.47267 0.47849
-0.052794 0.11853 1.2603 0.57234 -0.4691 -0.47267 0.47849
-0.053599 0.11862 1.2593 0.57375 -0.46891 -0.47228 0.47737
-0.053105 0.11837 1.2598 0.57345 -0.46926 -0.47203 0.47764
-0.052867 0.11836 1.2595 0.57387 -0.46832 -0.47199 0.47809
-0.052867 0.11836 1.2595 0.57387 -0.46832 -0.47199 0.47809
-0.053437 0.11901 1.2601 0.57262 -0.46954 -0.47216 0.47822
-0.05296 0.11886 1.2596 0.57324 -0.46862 -0.47216 0.4784
-0.053105 0.11918 1.2599 0.57261 -0.46941 -0.47204 0.47849
-0.052625 0.11908 1.2599 0.57277 -0.46921 -0.47172 0.4788
-0.052625 0.11908 1.2599 0.57277 -0.46921 -0.47172 0.4788
-0.052625 0.11908 1.2599 0.57277 -0.46921 -0.47172 0.4788
-0.052554 0.12 1.2594 0.57205 -0.47017 -0.47152 0.47893
-0.053342 0.11999 1.2593 0.57201 -0.46993 -0.47172 0.47901
-0.053342 0.11999 1.2593 0.57201 -0.46993 -0.47172 0.47901
-0.053342 0.11999 1.2593 0.57201 -0.46993 -0.47172 0.47901
-0.053342 0.11999 1.2593 0.57201 -0.46993 -0.47172 0.47901
-0.052994 0.11937 1.2581 0.57262 -0.46992 -0.47175 0.47825
-0.052765 0.11897 1.2577 0.57307 -0.46953 -0.47185 0.47801
-0.05347 0.11897 1.2575 0.57246 -0.47003 -0.47212 0.47797
-0.05347 0.11897 1.2575 0.57246 -0.47003 -0.47212 0.47797
-0.05347 0.11897 1.2575 0.57246 -0.47003 -0.47212 0.47797
-0.052922 0.11899 1.2564 0.57239 -0.46909 -0.47227 0.47884
-0.052851 0.11891 1.256 0.57233 -0.46963 -0.4725 0.47815
-0.052649 0.11945 1.2555 0.57225 -0.46936 -0.47231 0.4787
-0.052649 0.11945 1.2555 0.57225 -0.46936 -0.47231 0.4787
-0.053045 0.11939 1.2544 0.57284 -0.46983 -0.47166 0.47817
-0.052211 0.11899 1.2538 0.57256 -0.46888 -0.47211 0.479
-0.052211 0.11899 1.2538 0.57256 -0.46888 -0.47211 0.479
-0.052186 0.11904 1.2534 0.57253 -0.46912 -0.47183 0.47908
-0.052186 0.11904 1.2534 0.57253 -0.46912 -0.47183 0.47908
-0.052186 0.11904 1.2534 0.57253 -0.46912 -0.47183 0.47908
-0.052668 0.11887 1.2508 0.57297 -0.46931 -0.47181 0.47838
-0.052073 0.11814 1.2502 0.57319 -0.46821 -0.47248 0.47853
-0.052073 0.11814 1.2502 0.57319 -0.46821 -0.47248 0.47853
-0.052073 0.11814 1.2502 0.57319 -0.46821 -0.47248 0.47853
-0.052073 0.11814 1.2502 0.57319 -0.46821 -0.47248 0.47853
-0.051523 0.11866 1.2482 0.57267 -0.46806 -0.4726 0.47919
-0.052013 0.11838 1.2474 0.5732 -0.46805 -0.47213 0.47903
-0.051345 0.11876 1.2462 0.57319 -0.46771 -0.47239 0.47912
-0.051345 0.11876 1.2462 0.57319 -0.46771 -0.47239 0.47912
-0.051345 0.11876 1.2462 0.57319 -0.46771 -0.47239 0.47912
-0.051226 0.11822 1.243 0.5735 -0.4672 -0.47307 0.47857
-0.051226 0.11822 1.243 0.5735 -0.4672 -0.47307 0.47857
-0.051163 0.11809 1.2429 0.573 -0.46734 -0.47254 0.47955
-0.051163 0.11809 1.2429 0.573 -0.46734 -0.47254 0.47955
-0.051131 0.1185 1.2403 0.57325 -0.46667 -0.47255 0.4799
-0.051361 0.11805 1.2387 0.57369 -0.4677 -0.47229 0.47862
-0.051361 0.11805 1.2387 0.57369 -0.4677 -0.47229 0.47862
-0.051693 0.11859 1.2383 0.57261 -0.46837 -0.47194 0.4796
-0.051693 0.11859 1.2383 0.57261 -0.46837 -0.47194 0.4796
-0.051693 0.11859 1.2383 0.57261 -0.46837 -0.47194 0.4796
-0.051534 0.11767 1.2345 0.5735 -0.46758 -0.47266 0.4786
-0.052096 0.11864 1.2322 0.57313 -0.46886 -0.47241 0.47803
-0.052096 0.11864 1.2322 0.57313 -0.46886 -0.47241 0.47803
-0.052096 0.11864 1.2322 0.57313 -0.46886 -0.47241 0.47803
-0.052096 0.11864 1.2322 0.57313 -0.46886 -0.47241 0.47803
-0.052045 0.11849 1.2297 0.57253 -0.46863 -0.47179 0.4796
-0.05207 0.11872 1.2278 0.57327 -0.4683 -0.47204 0.47878
-0.051805 0.11877 1.2277 0.57193 -0.46914 -0.47232 0.47929
-0.051805 0.11877 1.2277 0.57193 -0.46914 -0.47232 0.47929
-0.05215 0.11873 1.2244 0.57295 -0.46859 -0.47258 0.47836
-0.051976 0.11844 1.2239 0.57261 -0.46892 -0.47235 0.47867
-0.051537 0.11875 1.2231 0.57184 -0.46837 -0.4725 0.47997
-0.052935 0.11901 1.2217 0.57245 -0.46973 -0.47203 0.47837
-0.052935 0.11901 1.2217 0.57245 -0.46973 -0.47203 0.47837
-0.052026 0.11907 1.2201 0.57207 -0.46893 -0.47203 0.47961
-0.051729 0.11942 1.2181 0.57247 -0.46892 -0.47141 0.47976
-0.051672 0.11833 1.2169 0.57316 -0.46828 -0.47221 0.47876
-0.051672 0.11833 1.2169 0.57316 -0.46828 -0.47221 0.47876
-0.051672 0.11833 1.2169 0.57316 -0.46828 -0.47221 0.47876
-0.051672 0.11833 1.2169 0.57316 -0.46828 -0.47221 0.47876
-0.051175 0.11864 1.2144 0.57295 -0.46769 -0.47227 0.47954
-0.050946 0.11797 1.2138 0.57272 -0.46734 -0.47253 0.47988
-0.051904 0.11796 1.2129 0.57293 -0.46808 -0.47243 0.47902
-0.051904 0.11796 1.2129 0.57293 -0.46808 -0.47243 0.47902
-0.051904 0.11796 1.2129 0.57293 -0.46808 -0.47243 0.47902
-0.05166 0.11894 1.2103 0.57278 -0.46855 -0.47214 0.47903
-0.052074 0.11842 1.2094 0.57339 -0.46861 -0.47201 0.47836
-0.051743 0.11845 1.2093 0.57261 -0.46839 -0.47232 0.47921
-0.051743 0.11845 1.2093 0.57261 -0.46839 -0.47232 0.47921
-0.05193 0.11798 1.2076 0.5731 -0.46827 -0.47283 0.47823
-0.051377 0.11827 1.2071 0.57328 -0.46853 -0.47212 0.47847
-0.051268 0.11833 1.2072 0.57245 -0.46833 -0.47196 0.47982
-0.051555 0.1179 1.2062 0.57302 -0.46838 -0.47216 0.47889
-0.051555 0.1179 1.2062 0.57302 -0.46838 -0.47216 0.47889
-0.051555 0.1179 1.2062 0.57302 -0.46838 -0.47216 0.47889
-0.051249 0.11869 1.2047 0.57249 -0.46794 -0.47176 0.48034
-0.051485 0.11789 1.2041 0.57267 -0.46865 -0.47186 0.47934
-0.051485 0.11789 1.2041 0.57267 -0.46865 -0.47186 0.47934
-0.051485 0.11789 1.2041 0.57267 -0.46865 -0.47186 0.47934
-0.051485 0.11789 1.2041 0.57267 -0.46865 -0.47186 0.47934
-0.051069 0.11711 1.2021 0.57347 -0.46812 -0.47258 0.47818
-0.051739 0.11808 1.2023 0.57288 -0.46858 -0.47169 0.47933
-0.051416 0.11761 1.202 0.57262 -0.46857 -0.47227 0.47907
-0.051416 0.11761 1.202 0.57262 -0.46857 -0.47227 0.47907
-0.051416 0.11761 1.202 0.57262 -0.46857 -0.47227 0.47907
-0.051015 0.11778 1.2011 0.57275 -0.46817 -0.47216 0.47941
-0.050993 0.11776 1.2007 0.57322 -0.46818 -0.4716 0.4794
-0.05126 0.1178 1.2006 0.57304 -0.4684 -0.47164 0.47935
-0.05126 0.1178 1.2006 0.57304 -0.4684 -0.47164 0.47935
-0.051075 0.11794 1.2003 0.57224 -0.46813 -0.4723 0.47992
-0.050995 0.11734 1.1999 0.57344 -0.46832 -0.47184 0.47876
-0.050995 0.11734 1.1999 0.57344 -0.46832 -0.47184 0.47876
-0.051039 0.11786 1.1992 0.57324 -0.46824 -0.4719 0.47902
-0.051039 0.11786 1.1992 0.57324 -0.46824 -0.4719 0.47902
-0.051039 0.11786 1.1992 0.57324 -0.46824 -0.4719 0.47902
-0.050729 0.11838 1.1996 0.57309 -0.4683 -0.47097 0.48005
-0.050348 0.11815 1.1997 0.5732 -0.46844 -0.47118 0.47957
-0.050348 0.11815 1.1997 0.5732 -0.46844 -0.47118 0.47957
-0.050348 0.11815 1.1997 0.5732 -0.46844 -0.47118 0.47957
-0.050348 0.11815 1.1997 0.5732 -0.46844 -0.47118 0.47957
-0.050689 0.11826 1.1995 0.57242 -0.4682 -0.4719 0.48004
-0.050915 0.11845 1.2001 0.5719 -0.46888 -0.47149 0.48039
-0.050816 0.11811 1.1994 0.57262 -0.46843 -0.47173 0.47973
-0.050816 0.11811 1.1994 0.57262 -0.46843 -0.47173 0.47973
-0.050816 0.11811 1.1994 0.57262 -0.46843 -0.47173 0.47973
-0.050923 0.11781 1.1997 0.57277 -0.46843 -0.47138 0.4799
-0.051287 0.11821 1.1997 0.57231 -0.46902 -0.4719 0.47937
-0.050977 0.11863 1.1997 0.5717 -0.46914 -0.47227 0.47961
-0.050977 0.11863 1.1997 0.5717 -0.46914 -0.47227 0.47961
-0.051236 0.11767 1.1996 0.57326 -0.46857 -0.47156 0.479
-0.050131 0.11831 1.1996 0.57268 -0.46731 -0.47152 0.48096
-0.050131 0.11831 1.1996 0.57268 -0.46731 -0.47152 0.48096
-0.050349 0.11858 1.1997 0.57201 -0.4683 -0.47155 0.48077
-0.050349 0.11858 1.1997 0.57201 -0.4683 -0.47155 0.48077
-0.050349 0.11858 1.1997 0.57201 -0.4683 -0.47155 0.48077
-0.050972 0.11806 1.1995 0.57246 -0.46832 -0.47211 0.47966
-0.051121 0.11799 1.1989 0.57343 -0.46804 -0.47184 0.47905
-0.051121 0.11799 1.1989 0.57343 -0.46804 -0.47184 0.47905
-0.051121 0.11799 1.1989 0.57343 -0.46804 -0.47184 0.47905
-0.051238 0.11839 1.1997 0.57237 -0.46914 -0.47139 0.47967
-0.051265 0.11859 1.1996 0.57251 -0.46873 -0.47121 0.48009
-0.051356 0.11816 1.1997 0.57223 -0.46875 -0.47188 0.47974
-0.050658 0.11813 1.1989 0.57306 -0.46758 -0.47159 0.48017
-0.050658 0.11813 1.1989 0.57306 -0.46758 -0.47159 0.48017
-0.051817 0.11778 1.1995 0.5721 -0.46943 -0.47219 0.47892
-0.051361 0.11768 1.1988 0.57289 -0.46849 -0.47212 0.47897
-0.050959 0.11755 1.1986 0.57254 -0.46794 -0.47219 0.47987
-0.051451 0.11747 1.1981 0.57277 -0.46831 -0.47244 0.47898
-0.051451 0.11747 1.1981 0.57277 -0.46831 -0.47244 0.47898
-0.051677 0.11708 1.1978 0.57311 -0.46877 -0.47219 0.47837
-0.052034 0.11701 1.1969 0.57292 -0.46846 -0.47251 0.47857
-0.052034 0.11701 1.1969 0.57292 -0.46846 -0.47251 0.47857
-0.051885 0.11656 1.1966 0.57357 -0.46807 -0.47236 0.47834
-0.051885 0.11656 1.1966 0.57357 -0.46807 -0.47236 0.47834
-0.051885 0.11656 1.1966 0.57357 -0.46807 -0.47236 0.47834
-0.051764 0.11644 1.1951 0.57322 -0.46787 -0.47303 0.47828
-0.051312 0.11665 1.1948 0.57304 -0.46828 -0.47281 0.47831
-0.051399 0.11682 1.1941 0.5733 -0.46809 -0.47278 0.47823
-0.051399 0.11682 1.1941 0.5733 -0.46809 -0.47278 0.47823
-0.051399 0.11682 1.1941 0.5733 -0.46809 -0.47278 0.47823
-0.051063 0.11731 1.1932 0.57277 -0.46802 -0.47175 0.47993
-0.051548 0.11698 1.1929 0.57234 -0.46833 -0.47215 0.47977
-0.051174 0.11706 1.1914 0.57286 -0.46787 -0.47273 0.47901
-0.051174 0.11706 1.1914 0.57286 -0.46787 -0.47273 0.47901
-0.05189 0.11705 1.1895 0.57338 -0.46818 -0.47219 0.47862
-0.05129 0.11702 1.189 0.57343 -0.46825 -0.47189 0.47879
-0.051383 0.1171 1.1888 0.57206 -0.4687 -0.47266 0.47923
-0.051232 0.11767 1.1876 0.57249 -0.46833 -0.47255 0.4792
-0.051232 0.11767 1.1876 0.57249 -0.46833 -0.47255 0.4792
-0.051232 0.11767 1.1876 0.57249 -0.46833 -0.47255 0.4792
-0.051142 0.1173 1.1846 0.57306 -0.46861 -0.47221 0.47856
-0.051142 0.1173 1.1846 0.57306 -0.46861 -0.47221 0.47856
-0.051169 0.11748 1.1842 0.57287 -0.4684 -0.47177 0.47944
-0.051169 0.11748 1.1842 0.57287 -0.4684 -0.47177 0.47944
-0.051169 0.11748 1.1842 0.57287 -0.4684 -0.47177 0.47944
-0.050071 0.11782 1.1828 0.57183 -0.46805 -0.47242 0.48037
-0.051108 0.1172 1.1811 0.57303 -0.4678 -0.4724 0.4792
-0.051108 0.1172 1.1811 0.57303 -0.4678 -0.4724 0.4792
-0.051108 0.1172 1.1811 0.57303 -0.4678 -0.4724 0.4792
-0.051299 0.11736 1.1801 0.57262 -0.46776 -0.47275 0.47939
-0.051331 0.11707 1.1796 0.57353 -0.46832 -0.472 0.4785
-0.051181 0.11743 1.1793 0.57283 -0.46859 -0.47255 0.47853
-0.051582 0.11771 1.1791 0.57283 -0.46902 -0.47163 0.47901
-0.051582 0.11771 1.1791 0.57283 -0.46902 -0.47163 0.47901
-0.051448 0.11757 1.1787 0.5723 -0.46892 -0.47189 0.47949
-0.050678 0.11739 1.178 0.57306 -0.4676 -0.47207 0.47969
-0.051021 0.1172 1.178 0.57276 -0.46824 -0.47234 0.47917
-0.051113 0.11742 1.1775 0.57304 -0.46797 -0.47186 0.47956
-0.051113 0.11742 1.1775 0.57304 -0.46797 -0.47186 0.47956
-0.051002 0.11763 1.1771 0.57237 -0.46829 -0.47229 0.47963
-0.05093 0.11797 1.1769 0.57302 -0.46855 -0.47102 0.47985
-0.050048 0.11721 1.1767 0.57335 -0.46747 -0.47145 0.48008
-0.050048 0.11721 1.1767 0.57335 -0.46747 -0.47145 0.48008
-0.050048 0.11721 1.1767 0.57335 -0.46747 -0.47145 0.48008
-0.050048 0.11721 1.1767 0.57335 -0.46747 -0.47145 0.48008
-0.050862 0.11764 1.1766 0.57295 -0.46822 -0.47131 0.47997
-0.05043 0.11774 1.1767 0.57253 -0.46788 -0.47206 0.48005
-0.050785 0.11748 1.1765 0.57306 -0.46792 -0.47165 0.47979
-0.050785 0.11748 1.1765 0.57306 -0.46792 -0.47165 0.47979
-0.050785 0.11748 1.1765 0.57306 -0.46792 -0.47165 0.47979
-0.050848 0.11752 1.1765 0.5728 -0.46842 -0.47182 0.47944
-0.050043 0.11746 1.1769 0.57291 -0.46793 -0.47149 0.48012
-0.050519 0.11767 1.1766 0.57234 -0.46818 -0.47215 0.47991
-0.050519 0.11767 1.1766 0.57234 -0.46818 -0.47215 0.47991
-0.050774 0.11821 1.1766 0.5729 -0.46872 -0.47101 0.47982
-0.050603 0.11773 1.1761 0.57305 -0.46774 -0.47178 0.47985
-0.050725 0.11715 1.1764 0.57293 -0.46816 -0.4724 0.47897
-0.050725 0.11715 1.1764 0.57293 -0.46816 -0.4724 0.47897
-0.050725 0.11715 1.1764 0.57293 -0.46816 -0.4724 0.47897
-0.050725 0.11715 1.1764 0.57293 -0.46816 -0.4724 0.47897
-0.050682 0.11792 1.1766 0.57264 -0.46853 -0.47165 0.47969
-0.050567 0.11799 1.1767 0.5728 -0.46787 -0.47142 0.48039
-0.050567 0.11799 1.1767 0.5728 -0.46787 -0.47142 0.48039
-0.050567 0.11799 1.1767 0.5728 -0.46787 -0.47142 0.48039
-0.050567 0.11799 1.1767 0.5728 -0.46787 -0.47142 0.48039
-0.050816 0.11758 1.1766 0.57283 -0.46794 -0.47171 0.47998
-0.050749 0.11803 1.1763 0.57267 -0.46853 -0.47155 0.47976
-0.050498 0.11797 1.1769 0.57214 -0.46851 -0.47175 0.48022
-0.050498 0.11797 1.1769 0.57214 -0.46851 -0.47175 0.48022
-0.050498 0.11797 1.1769 0.57214 -0.46851 -0.47175 0.48022
-0.051137 0.11761 1.1768 0.57276 -0.46898 -0.47144 0.47932
-0.050387 0.117 1.1766 0.57316 -0.46778 -0.47176 0.47969
-0.050953 0.11752 1.1767 0.57269 -0.46832 -0.47175 0.47975
-0.050953 0.11752 1.1767 0.57269 -0.46832 -0.47175 0.47975
-0.050719 0.11751 1.1761 0.57322 -0.46801 -0.47177 0.4794
-0.050787 0.11818 1.1769 0.57176 -0.46822 -0.47214 0.48056
-0.050787 0.11818 1.1769 0.57176 -0.46822 -0.47214 0.48056
-0.050639 0.11747 1.1767 0.57286 -0.46835 -0.47173 0.47953
-0.050639 0.11747 1.1767 0.57286 -0.46835 -0.47173 0.47953
-0.050639 0.11747 1.1767 0.57286 -0.46835 -0.47173 0.47953
-0.050797 0.11752 1.1763 0.57303 -0.46795 -0.47192 0.47953
-0.050626 0.11733 1.1767 0.57341 -0.46813 -0.47115 0.47965
-0.050626 0.11733 1.1767 0.57341 -0.46813 -0.47115 0.47965
-0.050626 0.11733 1.1767 0.57341 -0.46813 -0.47115 0.47965
-0.050626 0.11733 1.1767 0.57341 -0.46813 -0.47115 0.47965
-0.050619 0.11783 1.1768 0.57287 -0.468 -0.47136 0.48022
-0.050358 0.11691 1.1764 0.57372 -0.46707 -0.4719 0.47959
-0.050799 0.11719 1.1762 0.57337 -0.46784 -0.47189 0.47926
-0.050799 0.11719 1.1762 0.57337 -0.46784 -0.47189 0.47926
-0.050799 0.11719 1.1762 0.57337 -0.46784 -0.47189 0.47926
-0.050967 0.11713 1.1764 0.57318 -0.46827 -0.47194 0.47902
-0.050769 0.11736 1.1767 0.57307 -0.46832 -0.4713 0.47972
-0.050783 0.11773 1.1764 0.57314 -0.46752 -0.47163 0.48011
-0.050783 0.11773 1.1764 0.57314 -0.46752 -0.47163 0.48011
-0.050979 0.11778 1.1768 0.57255 -0.46861 -0.47155 0.47983
-0.050578 0.1177 1.177 0.57292 -0.4682 -0.47107 0.48026
-0.050578 0.1177 1.177 0.57292 -0.4682 -0.47107 0.48026
-0.050648 0.11738 1.1764 0.57343 -0.46794 -0.47136 0.47962
-0.050648 0.11738 1.1764 0.57343 -0.46794 -0.47136 0.47962
-0.050648 0.11738 1.1764 0.57343 -0.46794 -0.47136 0.47962
-0.050453 0.11756 1.1765 0.57282 -0.46821 -0.47211 0.47935
-0.050772 0.11776 1.1764 0.57307 -0.46785 -0.47143 0.48006
-0.050772 0.11776 1.1764 0.57307 -0.46785 -0.47143 0.48006
-0.050772 0.11776 1.1764 0.57307 -0.46785 -0.47143 0.48006
-0.050772 0.11776 1.1764 0.57307 -0.46785 -0.47143 0.48006
-0.051138 0.11741 1.1764 0.57277 -0.46802 -0.47219 0.47951
-0.051198 0.11777 1.1767 0.5729 -0.46903 -0.47091 0.47963
-0.050607 0.11793 1.1767 0.57267 -0.46812 -0.47117 0.48054
-0.050607 0.11793 1.1767 0.57267 -0.46812 -0.47117 0.48054
-0.050607 0.11793 1.1767 0.57267 -0.46812 -0.47117 0.48054
-0.050344 0.11764 1.1768 0.57249 -0.46818 -0.47186 0.48
-0.05092 0.11774 1.1766 0.5723 -0.46815 -0.47198 0.48016
-0.050626 0.11683 1.1765 0.57342 -0.46786 -0.47193 0.47915
-0.050626 0.11683 1.1765 0.57342 -0.46786 -0.47193 0.47915
-0.050648 0.11748 1.1766 0.57271 -0.46795 -0.47185 0.47998
-0.050682 0.11741 1.1764 0.57334 -0.46784 -0.47134 0.47984
-0.050682 0.11741 1.1764 0.57334 -0.46784 -0.47134 0.47984
-0.050416 0.11719 1.1768 0.5727 -0.46784 -0.47201 0.47995
-0.050416 0.11719 1.1768 0.5727 -0.46784 -0.47201 0.47995
-0.050416 0.11719 1.1768 0.5727 -0.46784 -0.47201 0.47995
-0.051024 0.11739 1.1764 0.57316 -0.4682 -0.47168 0.47937
-0.050631 0.1175 1.1764 0.57341 -0.46792 -0.47139 0.47964
-0.050631 0.1175 1.1764 0.57341 -0.46792 -0.47139 0.47964
-0.050631 0.1175 1.1764 0.57341 -0.46792 -0.47139 0.47964
-0.050631 0.1175 1.1764 0.57341 -0.46792 -0.47139 0.47964
-0.051106 0.11729 1.1765 0.57286 -0.46799 -0.47183 0.47979
-0.051155 0.11764 1.1768 0.57227 -0.46834 -0.47194 0.48004
-0.051095 0.11748 1.1766 0.57292 -0.46858 -0.47205 0.47891
-0.051095 0.11748 1.1766 0.57292 -0.46858 -0.47205 0.47891
-0.051095 0.11748 1.1766 0.57292 -0.46858 -0.47205 0.47891
-0.050616 0.11678 1.1761 0.57338 -0.46738 -0.47234 0.47926
-0.051176 0.11727 1.1766 0.57301 -0.46818 -0.4716 0.47965
-0.050667 0.11778 1.1766 0.57266 -0.46769 -0.47183 0.48032
-0.050667 0.11778 1.1766 0.57266 -0.46769 -0.47183 0.48032
-0.050667 0.11778 1.1766 0.57266 -0.46769 -0.47183 0.48032
-0.050877 0.11779 1.1767 0.57228 -0.46877 -0.47184 0.47971
-0.050877 0.11779 1.1767 0.57228 -0.46877 -0.47184 0.47971
-0.051143 0.11784 1.1764 0.57305 -0.46818 -0.47162 0.47958
-0.051143 0.11784 1.1764 0.57305 -0.46818 -0.47162 0.47958
-0.05044 0.11793 1.1768 0.57216 -0.46832 -0.47191 0.48022
-0.050798 0.11714 1.1769 0.57274 -0.46769 -0.47201 0.48003
-0.051016 0.11744 1.1765 0.57252 -0.46842 -0.47188 0.47972
-0.050723 0.11773 1.1767 0.57251 -0.46829 -0.47198 0.47977
-0.050723 0.11773 1.1767 0.57251 -0.46829 -0.47198 0.47977
-0.050723 0.11773 1.1767 0.57251 -0.46829 -0.47198 0.47977
-0.050527 0.11713 1.177 0.57259 -0.46747 -0.47226 0.4802
-0.050527 0.11713 1.177 0.57259 -0.46747 -0.47226 0.4802
-0.051332 0.1171 1.1764 0.5731 -0.46786 -0.47219 0.47926
-0.051332 0.1171 1.1764 0.5731 -0.46786 -0.47219 0.47926
-0.050854 0.11755 1.1769 0.57263 -0.46838 -0.47134 0.48016
-0.050906 0.11737 1.1765 0.57292 -0.46767 -0.47202 0.47984
-0.0509 0.11726 1.1768 0.57262 -0.46808 -0.47187 0.47995
-0.050879 0.11754 1.1766 0.57255 -0.46805 -0.4722 0.47973
-0.050879 0.11754 1.1766 0.57255 -0.46805 -0.4722 0.47973
-0.050879 0.11754 1.1766 0.57255 -0.46805 -0.4722 0.47973
-0.050754 0.11706 1.1765 0.57316 -0.46768 -0.47209 0.47948
-0.050767 0.1173 1.1767 0.57293 -0.46849 -0.4718 0.47924
-0.050767 0.1173 1.1767 0.57293 -0.46849 -0.4718 0.47924
-0.050767 0.1173 1.1767 0.57293 -0.46849 -0.4718 0.47924
-0.051062 0.11769 1.1767 0.57221 -0.46822 -0.47217 0.48001
-0.050941 0.11779 1.1764 0.57268 -0.46832 -0.47182 0.47969
-0.050799 0.11719 1.1762 0.57356 -0.46802 -0.47171 0.47904
-0.050799 0.11719 1.1762 0.57356 -0.46802 -0.47171 0.47904
-0.050799 0.11719 1.1762 0.57356 -0.46802 -0.47171 0.47904
-0.050799 0.11719 1.1762 0.57356 -0.46802 -0.47171 0.47904
-0.050947 0.11759 1.1767 0.57275 -0.4682 -0.47179 0.47975
-0.050947 0.11759 1.1767 0.57275 -0.4682 -0.47179 0.47975
-0.050931 0.11646 1.1766 0.57326 -0.46785 -0.47246 0.47881
-0.050931 0.11646 1.1766 0.57326 -0.46785 -0.47246 0.47881
-0.050972 0.11676 1.1769 0.57285 -0.46761 -0.47228 0.47972
-0.050778 0.11765 1.1769 0.57271 -0.46802 -0.47162 0.48015
-0.0504 0.11722 1.1764 0.57307 -0.46736 -0.47229 0.4797
-0.051024 0.11673 1.1765 0.5735 -0.46811 -0.47211 0.47862
-0.051024 0.11673 1.1765 0.5735 -0.46811 -0.47211 0.47862
-0.051024 0.11673 1.1765 0.5735 -0.46811 -0.47211 0.47862
-0.051093 0.11788 1.1768 0.57228 -0.4689 -0.47165 0.47976
-0.050719 0.11688 1.1768 0.57259 -0.4678 -0.47237 0.47977
-0.050719 0.11688 1.1768 0.57259 -0.4678 -0.47237 0.47977
-0.050719 0.11688 1.1768 0.57259 -0.4678 -0.47237 0.47977
-0.050719 0.11688 1.1768 0.57259 -0.4678 -0.47237 0.47977
-0.050982 0.11728 1.1767 0.57265 -0.4682 -0.47201 0.47966
-0.050705 0.11749 1.1768 0.57272 -0.4683 -0.47173 0.47975
-0.050908 0.11749 1.1771 0.57222 -0.46862 -0.47198 0.47978
-0.050908 0.11749 1.1771 0.57222 -0.46862 -0.47198 0.47978
-0.050908 0.11749 1.1771 0.57222 -0.46862 -0.47198 0.47978
-0.050282 0.11713 1.1769 0.57235 -0.46781 -0.47277 0.47964
-0.051056 0.11724 1.1763 0.57292 -0.46812 -0.47228 0.47914
-0.051056 0.11724 1.1763 0.57292 -0.46812 -0.47228 0.47914
-0.050353 0.11701 1.1768 0.57295 -0.46772 -0.47232 0.47946
-0.050353 0.11701 1.1768 0.57295 -0.46772 -0.47232 0.47946
-0.050353 0.11701 1.1768 0.57295 -0.46772 -0.47232 0.47946
-0.051193 0.11778 1.1768 0.57206 -0.46878 -0.47203 0.47977
-0.051221 0.11772 1.1773 0.57258 -0.46885 -0.47123 0.47986
-0.051088 0.11753 1.1769 0.57289 -0.46863 -0.47133 0.47962
-0.051088 0.11753 1.1769 0.57289 -0.46863 -0.47133 0.47962
-0.051088 0.11753 1.1769 0.57289 -0.46863 -0.47133 0.47962
-0.051331 0.11667 1.1764 0.57318 -0.46815 -0.47219 0.4789
-0.051331 0.11667 1.1764 0.57318 -0.46815 -0.47219 0.4789
-0.051076 0.11714 1.1765 0.57302 -0.46777 -0.47212 0.47952
-0.051076 0.11714 1.1765 0.57302 -0.46777 -0.47212 0.47952
-0.051076 0.11714 1.1765 0.57302 -0.46777 -0.47212 0.47952
-0.050284 0.11737 1.1767 0.57339 -0.46734 -0.47117 0.48042
-0.050871 0.11711 1.1765 0.57339 -0.46797 -0.47193 0.47908
-0.050871 0.11711 1.1765 0.57339 -0.46797 -0.47193 0.47908
-0.050871 0.11711 1.1765 0.57339 -0.46797 -0.47193 0.47908
-0.050871 0.11711 1.1765 0.57339 -0.46797 -0.47193 0.47908
-0.050867 0.11777 1.1768 0.57264 -0.46804 -0.47177 0.48005
-0.050478 0.11758 1.1771 0.57274 -0.46796 -0.47185 0.47994
-0.050696 0.1177 1.1764 0.57293 -0.46802 -0.47181 0.4797
-0.050696 0.1177 1.1764 0.57293 -0.46802 -0.47181 0.4797
-0.050418 0.11744 1.1766 0.57255 -0.46774 -0.47233 0.47991
-0.050838 0.11736 1.1771 0.57248 -0.46813 -0.47187 0.48005
-0.051341 0.11715 1.1767 0.5724 -0.4685 -0.47241 0.47927
-0.050944 0.1174 1.1767 0.57255 -0.4683 -0.47203 0.47965
-0.050944 0.1174 1.1767 0.57255 -0.4683 -0.47203 0.47965
-0.050944 0.1174 1.1767 0.57255 -0.4683 -0.47203 0.47965
-0.050634 0.11738 1.1766 0.57246 -0.46782 -0.47263 0.47964
-0.050634 0.11738 1.1766 0.57246 -0.46782 -0.47263 0.47964
-0.05082 0.11729 1.1768 0.57259 -0.46805 -0.47217 0.47971
-0.05082 0.11729 1.1768 0.57259 -0.46805 -0.47217 0.47971
-0.05082 0.11729 1.1768 0.57259 -0.46805 -0.47217 0.47971
-0.051041 0.11799 1.177 0.57237 -0.46891 -0.47141 0.47988
-0.050904 0.11736 1.1769 0.57244 -0.46782 -0.4717 0.48058
-0.050904 0.11736 1.1769 0.57244 -0.46782 -0.4717 0.48058
-0.050904 0.11736 1.1769 0.57244 -0.46782 -0.4717 0.48058
-0.050904 0.11736 1.1769 0.57244 -0.46782 -0.4717 0.48058
-0.051149 0.11729 1.1769 0.57251 -0.46771 -0.47197 0.48034
-0.050627 0.11716 1.1769 0.57292 -0.4675 -0.47161 0.4804
-0.051026 0.11768 1.1769 0.57259 -0.46853 -0.47163 0.47977
-0.051026 0.11768 1.1769 0.57259 -0.46853 -0.47163 0.47977
-0.051026 0.11768 1.1769 0.57259 -0.46853 -0.47163 0.47977
-0.051204 0.11737 1.1764 0.57257 -0.4683 -0.47236 0.4793
-0.051204 0.11737 1.1764 0.57257 -0.4683 -0.47236 0.4793
-0.051204 0.11737 1.1764 0.57257 -0.4683 -0.47236 0.4793
-0.050976 0.11718 1.1768 0.57276 -0.4683 -0.47198 0.47946
-0.050896 0.1175 1.1766 0.57269 -0.46856 -0.47177 0.47949
-0.050741 0.11767 1.1764 0.57265 -0.46755 -0.47208 0.48023
-0.050741 0.11767 1.1764 0.57265 -0.46755 -0.47208 0.48023
-0.050989 0.11773 1.1771 0.57221 -0.46858 -0.47162 0.48019
-0.050989 0.11773 1.1771 0.57221 -0.46858 -0.47162 0.48019
-0.050989 0.11773 1.1771 0.57221 -0.46858 -0.47162 0.48019
-0.050588 0.1175 1.1772 0.57239 -0.46803 -0.47173 0.4804
-0.050377 0.11731 1.1768 0.57232 -0.46767 -0.4723 0.48028
-0.050377 0.11731 1.1768 0.57232 -0.46767 -0.4723 0.48028
-0.050377 0.11731 1.1768 0.57232 -0.46767 -0.4723 0.48028
-0.050377 0.11731 1.1768 0.57232 -0.46767 -0.4723 0.48028
-0.050938 0.11772 1.1765 0.5723 -0.46839 -0.47211 0.47979
-0.050938 0.11772 1.1765 0.5723 -0.46839 -0.47211 0.47979
-0.050333 0.11667 1.1766 0.57285 -0.46762 -0.47247 0.47953
-0.050333 0.11667 1.1766 0.57285 -0.46762 -0.47247 0.47953
-0.050632 0.11705 1.1768 0.57333 -0.46736 -0.472 0.47968
-0.051052 0.11789 1.1765 0.57273 -0.46839 -0.47151 0.47987
-0.050785 0.11716 1.1767 0.57307 -0.46796 -0.47159 0.4798
-0.050735 0.11711 1.1766 0.57313 -0.46809 -0.47204 0.47916
-0.050735 0.11711 1.1766 0.57313 -0.46809 -0.47204 0.47916
-0.050735 0.11711 1.1766 0.57313 -0.46809 -0.47204 0.47916
-0.051388 0.11756 1.177 0.57223 -0.46917 -0.47199 0.47923
-0.050534 0.1173 1.1764 0.57309 -0.46728 -0.47235 0.47969
-0.050618 0.11706 1.1766 0.57272 -0.46762 -0.47238 0.47977
-0.050618 0.11706 1.1766 0.57272 -0.46762 -0.47238 0.47977
-0.050618 0.11706 1.1766 0.57272 -0.46762 -0.47238 0.47977
-0.050798 0.11714 1.1769 0.57302 -0.46796 -0.47174 0.4797
-0.050898 0.11742 1.1764 0.57355 -0.46767 -0.47167 0.47943
-0.050583 0.1177 1.1769 0.57232 -0.46815 -0.47176 0.48034
-0.050583 0.1177 1.1769 0.57232 -0.46815 -0.47176 0.48034
-0.050583 0.1177 1.1769 0.57232 -0.46815 -0.47176 0.48034
-0.050516 0.11724 1.1767 0.5728 -0.46786 -0.47209 0.47972
-0.051099 0.11701 1.1772 0.57233 -0.46833 -0.47241 0.47952
-0.050797 0.1172 1.1766 0.57295 -0.4679 -0.47195 0.47964
-0.050797 0.1172 1.1766 0.57295 -0.4679 -0.47195 0.47964
-0.051177 0.11772 1.1768 0.57229 -0.4685 -0.47172 0.48008
-0.050634 0.1172 1.1768 0.57275 -0.46775 -0.47182 0.48016
-0.050634 0.1172 1.1768 0.57275 -0.46775 -0.47182 0.48016
-0.051 0.11689 1.1764 0.5735 -0.46771 -0.47171 0.47941
-0.051 0.11689 1.1764 0.5735 -0.46771 -0.47171 0.47941
-0.051 0.11689 1.1764 0.5735 -0.46771 -0.47171 0.47941
-0.050663 0.11745 1.1765 0.57245 -0.46784 -0.47247 0.47978
-0.051006 0.11786 1.1767 0.57234 -0.46908 -0.47166 0.47951
-0.051006 0.11786 1.1767 0.57234 -0.46908 -0.47166 0.47951
-0.051006 0.11786 1.1767 0.57234 -0.46908 -0.47166 0.47951
-0.051006 0.11786 1.1767 0.57234 -0.46908 -0.47166 0.47951
-0.050491 0.11702 1.1769 0.57294 -0.46793 -0.47186 0.47971
-0.050723 0.11741 1.1769 0.57243 -0.46823 -0.47202 0.47988
-0.050955 0.1171 1.1764 0.57325 -0.46815 -0.47206 0.47893
-0.050955 0.1171 1.1764 0.57325 -0.46815 -0.47206 0.47893
-0.050955 0.1171 1.1764 0.57325 -0.46815 -0.47206 0.47893
-0.051024 0.11714 1.1766 0.57283 -0.46737 -0.47227 0.48
-0.051024 0.11714 1.1766 0.57283 -0.46737 -0.47227 0.48
-0.050958 0.11721 1.1769 0.57275 -0.46806 -0.47185 0.47984
-0.050958 0.11721 1.1769 0.57275 -0.46806 -0.47185 0.47984
-0.050723 0.11741 1.1769 0.57243 -0.46823 -0.47202 0.47988
-0.050723 0.11741 1.1769 0.57243 -0.46823 -0.47202 0.47988
-0.050929 0.11795 1.1769 0.57164 -0.46866 -0.47217 0.48025
-0.050929 0.11795 1.1769 0.57164 -0.46866 -0.47217 0.48025
-0.050929 0.11795 1.1769 0.57164 -0.46866 -0.47217 0.48025
-0.050712 0.11769 1.1765 0.57268 -0.46792 -0.47192 0.47997
-0.050899 0.11735 1.1764 0.57285 -0.46796 -0.47238 0.47928
-0.050899 0.11735 1.1764 0.57285 -0.46796 -0.47238 0.47928
-0.050899 0.11735 1.1764 0.57285 -0.46796 -0.47238 0.47928
-0.050899 0.11735 1.1764 0.57285 -0.46796 -0.47238 0.47928
-0.051082 0.11708 1.1765 0.57324 -0.46816 -0.4718 0.47919
-0.050305 0.11757 1.1764 0.57317 -0.46764 -0.47154 0.48004
-0.050191 0.11731 1.1763 0.57308 -0.46761 -0.4721 0.47962
-0.050191 0.11731 1.1763 0.57308 -0.46761 -0.4721 0.47962
-0.050712 0.11716 1.1765 0.5734 -0.46781 -0.47151 0.47964
-0.050384 0.11757 1.1766 0.5729 -0.4675 -0.47178 0.48027
-0.050464 0.11786 1.1769 0.57219 -0.46823 -0.47208 0.4801
-0.051275 0.11785 1.1767 0.57253 -0.46858 -0.47154 0.47988
-0.051275 0.11785 1.1767 0.57253 -0.46858 -0.47154 0.47988
-0.050989 0.1167 1.1766 0.57298 -0.46776 -0.47229 0.47941
-0.0511 0.11721 1.1763 0.57283 -0.46782 -0.47237 0.47945
-0.0511 0.11721 1.1763 0.57283 -0.46782 -0.47237 0.47945
-0.050513 0.11723 1.1766 0.57282 -0.46744 -0.47223 0.47998
-0.050513 0.11723 1.1766 0.57282 -0.46744 -0.47223 0.47998
-0.050513 0.11723 1.1766 0.57282 -0.46744 -0.47223 0.47998
-0.050727 0.11747 1.1766 0.57308 -0.46809 -0.47138 0.47986
-0.050628 0.11744 1.1767 0.57256 -0.46788 -0.4722 0.47988
-0.050722 0.11727 1.1762 0.57305 -0.46744 -0.47196 0.47997
-0.050722 0.11727 1.1762 0.57305 -0.46744 -0.47196 0.47997
-0.050722 0.11727 1.1762 0.57305 -0.46744 -0.47196 0.47997
-0.050722 0.11727 1.1762 0.57305 -0.46744 -0.47196 0.47997
-0.050268 0.11747 1.1765 0.57279 -0.46773 -0.47194 0.48002
-0.050927 0.11709 1.1766 0.57317 -0.46788 -0.47152 0.47983
-0.050822 0.11706 1.1771 0.5731 -0.46804 -0.47144 0.47983
-0.050822 0.11706 1.1771 0.5731 -0.46804 -0.47144 0.47983
-0.050822 0.11706 1.1771 0.5731 -0.46804 -0.47144 0.47983
-0.050865 0.11736 1.177 0.57261 -0.46858 -0.47194 0.4794
-0.050767 0.11713 1.177 0.57253 -0.46795 -0.47217 0.47988
-0.050629 0.11736 1.1765 0.5737 -0.46726 -0.47183 0.47949
-0.050629 0.11736 1.1765 0.5737 -0.46726 -0.47183 0.47949
-0.05115 0.11706 1.177 0.57269 -0.46814 -0.4719 0.47977
-0.050813 0.11715 1.1763 0.57316 -0.4679 -0.47204 0.47931
-0.051236 0.1168 1.1764 0.57343 -0.46772 -0.47215 0.47905
-0.050641 0.11689 1.1769 0.57305 -0.46758 -0.47212 0.47967
-0.050641 0.11689 1.1769 0.57305 -0.46758 -0.47212 0.47967
-0.050641 0.11689 1.1769 0.57305 -0.46758 -0.47212 0.47967
-0.051329 0.11747 1.1771 0.57204 -0.46877 -0.47221 0.47962
-0.050812 0.11748 1.1764 0.57291 -0.46811 -0.47198 0.47947
-0.050812 0.11748 1.1764 0.57291 -0.46811 -0.47198 0.47947
-0.050812 0.11748 1.1764 0.57291 -0.46811 -0.47198 0.47947
-0.050812 0.11748 1.1764 0.57291 -0.46811 -0.47198 0.47947
-0.050889 0.11724 1.1766 0.57274 -0.46788 -0.47237 0.47951
-0.050309 0.11651 1.1764 0.57344 -0.46711 -0.47247 0.47931
-0.050309 0.11651 1.1764 0.57344 -0.46711 -0.47247 0.47931
-0.050309 0.11651 1.1764 0.57344 -0.46711 -0.47247 0.47931
-0.050309 0.11651 1.1764 0.57344 -0.46711 -0.47247 0.47931
-0.050938 0.1171 1.1761 0.57332 -0.46773 -0.47204 0.47928
-0.050808 0.11756 1.1765 0.57298 -0.468 -0.47151 0.47994
-0.050915 0.11708 1.1768 0.57296 -0.46783 -0.47198 0.47967
-0.050915 0.11708 1.1768 0.57296 -0.46783 -0.47198 0.47967
-0.050915 0.11708 1.1768 0.57296 -0.46783 -0.47198 0.47967
-0.051321 0.11782 1.1767 0.57244 -0.46829 -0.47162 0.48019
-0.050206 0.11695 1.1768 0.57316 -0.4671 -0.47201 0.48011
-0.05052 0.11731 1.1764 0.57318 -0.46745 -0.47172 0.48003
-0.05052 0.11731 1.1764 0.57318 -0.46745 -0.47172 0.48003
-0.05052 0.11731 1.1764 0.57318 -0.46745 -0.47172 0.48003
-0.051096 0.11772 1.1767 0.57249 -0.46848 -0.47179 0.47979
-0.050638 0.11705 1.1764 0.57343 -0.46752 -0.47236 0.47904
-0.050638 0.11705 1.1764 0.57343 -0.46752 -0.47236 0.47904
-0.050638 0.11705 1.1764 0.57343 -0.46752 -0.47236 0.47904
-0.050638 0.11705 1.1764 0.57343 -0.46752 -0.47236 0.47904
-0.050815 0.11717 1.1768 0.57262 -0.4683 -0.47205 0.47955
-0.050676 0.11742 1.1768 0.57254 -0.4681 -0.47207 0.47982
-0.050676 0.11742 1.1768 0.57254 -0.4681 -0.47207 0.47982
-0.050676 0.11742 1.1768 0.57254 -0.4681 -0.47207 0.47982
-0.050676 0.11742 1.1768 0.57254 -0.4681 -0.47207 0.47982
-0.050818 0.11787 1.1771 0.57235 -0.46836 -0.47157 0.48028
-0.050978 0.11734 1.1764 0.57295 -0.46783 -0.47217 0.47949
