-0.03656 0.25715 1.1827 0.58006 -0.46021 -0.46426 0.48601
-0.03656 0.25715 1.1827 0.58006 -0.46021 -0.46426 0.48601
-0.037158 0.25616 1.1828 0.58096 -0.45957 -0.4644 0.4854
-0.037158 0.25616 1.1828 0.58096 -0.45957 -0.4644 0.4854
-0.036405 0.25694 1.1829 0.58016 -0.45972 -0.46397 0.48662
-0.036937 0.25697 1.1831 0.57981 -0.46046 -0.46412 0.4862
-0.037008 0.2564 1.1827 0.58064 -0.4594 -0.46463 0.48572
-0.037091 0.25651 1.1827 0.58067 -0.4598 -0.46427 0.48566
-0.036805 0.25661 1.1831 0.5803 -0.45996 -0.46421 0.486
-0.037157 0.25676 1.183 0.57981 -0.46042 -0.46429 0.48607
-0.037157 0.25676 1.183 0.57981 -0.46042 -0.46429 0.48607
-0.037188 0.25671 1.1827 0.58047 -0.45987 -0.46418 0.48592
-0.036734 0.25726 1.1826 0.57981 -0.46053 -0.46468 0.48561
-0.037152 0.25743 1.1828 0.5794 -0.46034 -0.46423 0.4867
-0.037012 0.25678 1.1826 0.58008 -0.4595 -0.46472 0.48622
-0.036972 0.25748 1.1824 0.57974 -0.46063 -0.46433 0.48592
-0.036633 0.25735 1.1825 0.57964 -0.4604 -0.46464 0.48596
-0.036633 0.25735 1.1825 0.57964 -0.4604 -0.46464 0.48596
-0.036942 0.25658 1.1829 0.58033 -0.46015 -0.4647 0.48531
-0.036942 0.25658 1.1829 0.58033 -0.46015 -0.4647 0.48531
-0.036942 0.25658 1.1829 0.58033 -0.46015 -0.4647 0.48531
-0.036927 0.25677 1.183 0.58007 -0.46 -0.46423 0.48621
-0.037208 0.25736 1.1826 0.57986 -0.46065 -0.46405 0.48603
-0.037292 0.25664 1.1828 0.58041 -0.45999 -0.46431 0.48574
-0.037292 0.25664 1.1828 0.58041 -0.45999 -0.46431 0.48574
-0.036922 0.25723 1.1828 0.57963 -0.46047 -0.46424 0.48628
-0.036866 0.25684 1.1827 0.58024 -0.46023 -0.46435 0.48569
-0.036887 0.25673 1.1827 0.58038 -0.45929 -0.46469 0.48608
-0.036987 0.25737 1.1826 0.57994 -0.46094 -0.46419 0.48553
-0.036948 0.2567 1.183 0.57978 -0.46023 -0.46444 0.48616
-0.036814 0.25725 1.1825 0.58015 -0.4599 -0.46408 0.48636
-0.036814 0.25725 1.1825 0.58015 -0.4599 -0.46408 0.48636
-0.037179 0.25726 1.183 0.57985 -0.46082 -0.46381 0.4861
-0.037052 0.25664 1.1828 0.58033 -0.46017 -0.46467 0.48533
-0.036894 0.25687 1.183 0.58005 -0.45992 -0.46415 0.4864
-0.03697 0.25711 1.1826 0.57989 -0.46016 -0.4645 0.48602
-0.036999 0.25698 1.1827 0.57974 -0.46059 -0.46459 0.48571
-0.036734 0.25697 1.1827 0.58013 -0.46026 -0.46436 0.48578
-0.036734 0.25697 1.1827 0.58013 -0.46026 -0.46436 0.48578
-0.037176 0.25642 1.1827 0.58054 -0.4599 -0.46453 0.48547
-0.037125 0.25692 1.1829 0.57985 -0.46052 -0.46443 0.4858
-0.036675 0.25696 1.1829 0.57993 -0.45976 -0.46407 0.48676
-0.03632 0.2564 1.183 0.58029 -0.45933 -0.46489 0.48596
-0.036721 0.25675 1.1829 0.5799 -0.4602 -0.46444 0.48603
-0.036793 0.25657 1.1829 0.57982 -0.4601 -0.46482 0.48586
-0.036793 0.25657 1.1829 0.57982 -0.4601 -0.46482 0.48586
-0.036682 0.2567 1.1826 0.58031 -0.45927 -0.46475 0.48613
-0.036764 0.25697 1.1828 0.57973 -0.46042 -0.46463 0.48584
-0.037211 0.25715 1.1828 0.58 -0.46066 -0.46411 0.48578
-0.036888 0.25684 1.1828 0.58022 -0.45986 -0.46424 0.48617
-0.037287 0.25715 1.1827 0.58006 -0.46042 -0.46364 0.4864
-0.037287 0.25715 1.1827 0.58006 -0.46042 -0.46364 0.4864
-0.036832 0.25706 1.1825 0.5801 -0.46 -0.46444 0.48598
-0.036452 0.25708 1.1821 0.58055 -0.45943 -0.46451 0.48591
-0.036839 0.2572 1.1824 0.58002 -0.45978 -0.46428 0.48643
-0.037115 0.25703 1.1823 0.58052 -0.45986 -0.46418 0.48585
-0.037048 0.25647 1.1828 0.58043 -0.45977 -0.46469 0.48557
-0.037048 0.25647 1.1828 0.58043 -0.45977 -0.46469 0.48557
-0.036723 0.257 1.1826 0.58011 -0.45998 -0.46448 0.48596
-0.037244 0.25667 1.1826 0.58042 -0.46001 -0.46442 0.48561
-0.037244 0.25667 1.1826 0.58042 -0.46001 -0.46442 0.48561
-0.036576 0.25642 1.1825 0.58069 -0.45935 -0.46469 0.48565
-0.03709 0.25713 1.1831 0.57928 -0.46076 -0.46432 0.48636
-0.036702 0.25757 1.1824 0.57971 -0.46073 -0.46407 0.48611
-0.036763 0.25711 1.1827 0.58012 -0.45976 -0.46399 0.48661
-0.036763 0.25711 1.1827 0.58012 -0.45976 -0.46399 0.48661
-0.037259 0.25641 1.1829 0.58031 -0.45974 -0.46456 0.48587
-0.037172 0.25709 1.1829 0.57999 -0.46044 -0.46392 0.48619
-0.037015 0.25683 1.1828 0.58009 -0.46039 -0.46431 0.48575
-0.036777 0.25629 1.183 0.58052 -0.45973 -0.46436 0.48581
-0.036846 0.25734 1.1827 0.57951 -0.46024 -0.46391 0.48697
-0.036623 0.25744 1.1825 0.57999 -0.46 -0.46401 0.48653
-0.036623 0.25744 1.1825 0.57999 -0.46 -0.46401 0.48653
-0.036625 0.25699 1.1824 0.58008 -0.4595 -0.46452 0.48641
-0.037017 0.25681 1.1829 0.58019 -0.46018 -0.46415 0.48599
-0.037347 0.25737 1.1826 0.57989 -0.4604 -0.46387 0.48639
-0.036997 0.25729 1.1823 0.57996 -0.46056 -0.46419 0.48586
-0.037106 0.2571 1.183 0.57989 -0.46077 -0.46386 0.48606
-0.036917 0.25691 1.183 0.5799 -0.45994 -0.4641 0.48661
-0.036917 0.25691 1.183 0.5799 -0.45994 -0.4641 0.48661
-0.036593 0.2569 1.1826 0.58028 -0.45983 -0.46448 0.48589
-0.037127 0.25704 1.1828 0.57979 -0.46044 -0.46443 0.48594
-0.03738 0.25702 1.1829 0.5798 -0.46045 -0.46404 0.48629
-0.037033 0.25681 1.1824 0.58015 -0.45972 -0.46459 0.48606
-0.037062 0.25666 1.1828 0.58019 -0.45982 -0.46443 0.48606
-0.036858 0.25697 1.1827 0.57988 -0.45968 -0.46433 0.48665
-0.036858 0.25697 1.1827 0.57988 -0.45968 -0.46433 0.48665
-0.037227 0.25655 1.1826 0.58068 -0.45982 -0.46445 0.48546
-0.037419 0.25697 1.1826 0.58036 -0.4607 -0.46405 0.48538
-0.036762 0.25691 1.1827 0.58039 -0.46019 -0.46413 0.48575
-0.03733 0.25656 1.1828 0.58049 -0.46033 -0.46422 0.48541
-0.037042 0.2565 1.1831 0.58034 -0.46008 -0.46401 0.48604
-0.037042 0.2565 1.1831 0.58034 -0.46008 -0.46401 0.48604
-0.036938 0.25635 1.1827 0.58082 -0.45915 -0.46442 0.48595
-0.036903 0.25634 1.1829 0.5809 -0.45987 -0.46402 0.48556
-0.036856 0.25692 1.1826 0.57988 -0.46046 -0.46479 0.48547
-0.036696 0.25669 1.1828 0.5802 -0.45998 -0.46442 0.4859
-0.036826 0.25656 1.1833 0.57949 -0.46003 -0.46484 0.48631
-0.036887 0.25649 1.1828 0.58018 -0.45971 -0.46466 0.48596
-0.036887 0.25649 1.1828 0.58018 -0.45971 -0.46466 0.48596
-0.037086 0.25716 1.1825 0.58043 -0.46028 -0.4637 0.48603
-0.037173 0.25675 1.1831 0.57991 -0.46027 -0.46425 0.48613
-0.03708 0.25666 1.183 0.58025 -0.45965 -0.4643 0.48627
-0.037121 0.25673 1.1827 0.58018 -0.45967 -0.46451 0.48613
-0.036652 0.25648 1.1828 0.58036 -0.45972 -0.46452 0.48587
-0.037239 0.25645 1.1831 0.58051 -0.45986 -0.46382 0.48621
-0.037239 0.25645 1.1831 0.58051 -0.45986 -0.46382 0.48621
-0.037279 0.25637 1.1828 0.58029 -0.46015 -0.46491 0.48517
-0.036951 0.25669 1.1832 0.57984 -0.45999 -0.46419 0.48654
-0.036571 0.25688 1.1826 0.58031 -0.46024 -0.46431 0.48563
-0.036909 0.25669 1.1827 0.58022 -0.46052 -0.46449 0.48529
-0.037395 0.25681 1.1824 0.5803 -0.46069 -0.46436 0.48517
-0.037395 0.25681 1.1824 0.5803 -0.46069 -0.46436 0.48517
-0.036966 0.25634 1.1833 0.58036 -0.46014 -0.46413 0.48584
-0.036957 0.25701 1.1826 0.58039 -0.46041 -0.46418 0.4855
-0.037113 0.25633 1.1828 0.58049 -0.45944 -0.46484 0.48566
-0.036985 0.25683 1.1828 0.58039 -0.46014 -0.46413 0.4858
-0.036721 0.25743 1.1827 0.57974 -0.46025 -0.46396 0.48663
-0.036646 0.25685 1.1828 0.58012 -0.46034 -0.46467 0.48541
-0.036646 0.25685 1.1828 0.58012 -0.46034 -0.46467 0.48541
-0.036711 0.25689 1.1826 0.58053 -0.45983 -0.46417 0.48589
-0.037626 0.25665 1.1829 0.58036 -0.46024 -0.46426 0.48562
-0.036948 0.25655 1.1828 0.58055 -0.45961 -0.46431 0.48594
-0.036876 0.2568 1.1826 0.58011 -0.46035 -0.4645 0.48559
-0.037051 0.2573 1.1827 0.5796 -0.46043 -0.46417 0.48643
-0.037137 0.25776 1.1826 0.57986 -0.4608 -0.46343 0.48648
-0.037137 0.25776 1.1826 0.57986 -0.4608 -0.46343 0.48648
-0.037507 0.25686 1.1831 0.57983 -0.46085 -0.46395 0.48596
-0.036638 0.25708 1.1825 0.58013 -0.45979 -0.46431 0.48627
-0.037268 0.25672 1.1825 0.58055 -0.45991 -0.46444 0.48553
-0.036739 0.25721 1.1827 0.58021 -0.45997 -0.46411 0.4862
-0.036861 0.25645 1.1833 0.5798 -0.46007 -0.46458 0.48614
-0.036764 0.2567 1.1828 0.58006 -0.45976 -0.46464 0.48606
-0.036764 0.2567 1.1828 0.58006 -0.45976 -0.46464 0.48606
-0.036764 0.2567 1.1828 0.58006 -0.45976 -0.46464 0.48606
-0.036764 0.2567 1.1828 0.58006 -0.45976 -0.46464 0.48606
-0.036717 0.25692 1.1828 0.5799 -0.45945 -0.46452 0.48667
-0.037261 0.25715 1.1826 0.57991 -0.4604 -0.4643 0.48596
-0.037261 0.25715 1.1826 0.57991 -0.4604 -0.4643 0.48596
-0.037261 0.25715 1.1826 0.57991 -0.4604 -0.4643 0.48596
-0.037261 0.25715 1.1826 0.57991 -0.4604 -0.4643 0.48596
-0.037007 0.25696 1.1828 0.57992 -0.46003 -0.46411 0.48649
-0.03693 0.25632 1.1829 0.58045 -0.45942 -0.46468 0.48589
-0.036999 0.25641 1.1829 0.58058 -0.45954 -0.46404 0.48623
-0.036999 0.25641 1.1829 0.58058 -0.45954 -0.46404 0.48623
-0.03682 0.25685 1.1826 0.58016 -0.45986 -0.46447 0.48601
-0.036859 0.25695 1.1827 0.57989 -0.45938 -0.46425 0.48699
-0.036724 0.25675 1.1832 0.57978 -0.45979 -0.46437 0.48664
-0.037049 0.2567 1.1826 0.58034 -0.46002 -0.46444 0.48567
-0.037049 0.2567 1.1826 0.58034 -0.46002 -0.46444 0.48567
-0.037049 0.2567 1.1826 0.58034 -0.46002 -0.46444 0.48567
-0.036949 0.25714 1.1825 0.58013 -0.45995 -0.46407 0.48634
-0.037015 0.25705 1.1829 0.57963 -0.46009 -0.46442 0.48648
-0.036837 0.2568 1.1828 0.57998 -0.45987 -0.46408 0.48659
-0.036837 0.2568 1.1828 0.57998 -0.45987 -0.46408 0.48659
-0.036837 0.2568 1.1828 0.57998 -0.45987 -0.46408 0.48659
-0.036676 0.25642 1.183 0.58032 -0.4595 -0.46463 0.48601
-0.036752 0.25665 1.1827 0.58004 -0.46035 -0.46481 0.48536
-0.03701 0.25653 1.183 0.58015 -0.45999 -0.46442 0.48595
-0.03701 0.25653 1.183 0.58015 -0.45999 -0.46442 0.48595
-0.03701 0.25653 1.183 0.58015 -0.45999 -0.46442 0.48595
-0.037443 0.25617 1.1829 0.58063 -0.46031 -0.46417 0.48531
-0.037007 0.25653 1.1823 0.58032 -0.46031 -0.46451 0.48535
-0.036916 0.25605 1.1827 0.58041 -0.45947 -0.46437 0.48618
-0.036916 0.25605 1.1827 0.58041 -0.45947 -0.46437 0.48618
-0.037109 0.25553 1.1827 0.58086 -0.4601 -0.4642 0.4852
-0.036912 0.25531 1.1826 0.58064 -0.45989 -0.46442 0.48546
-0.036957 0.25573 1.1829 0.57968 -0.46061 -0.46414 0.4862
-0.036957 0.25573 1.1829 0.57968 -0.46061 -0.46414 0.4862
-0.036957 0.25573 1.1829 0.57968 -0.46061 -0.46414 0.4862
-0.036482 0.25578 1.1825 0.57944 -0.46073 -0.46419 0.48632
-0.037153 0.25434 1.183 0.57966 -0.4606 -0.46449 0.48589
-0.03735 0.25428 1.1828 0.57976 -0.46018 -0.46432 0.48633
-0.03735 0.25428 1.1828 0.57976 -0.46018 -0.46432 0.48633
-0.03735 0.25428 1.1828 0.57976 -0.46018 -0.46432 0.48633
-0.036619 0.25357 1.1827 0.5802 -0.45967 -0.46428 0.48632
-0.036761 0.25291 1.1824 0.58014 -0.45963 -0.46502 0.48573
-0.037791 0.25244 1.1825 0.57999 -0.46022 -0.46424 0.4861
-0.037791 0.25244 1.1825 0.57999 -0.46022 -0.46424 0.4861
-0.037791 0.25244 1.1825 0.57999 -0.46022 -0.46424 0.4861
-0.037791 0.25244 1.1825 0.57999 -0.46022 -0.46424 0.4861
-0.036781 0.25103 1.1826 0.57944 -0.45954 -0.46515 0.48652
-0.037412 0.25069 1.183 0.57935 -0.46053 -0.46433 0.48649
-0.037946 0.24934 1.1827 0.58004 -0.45976 -0.46478 0.48596
-0.037946 0.24934 1.1827 0.58004 -0.45976 -0.46478 0.48596
-0.037802 0.24875 1.1823 0.58015 -0.45982 -0.46489 0.48566
-0.037715 0.24736 1.1826 0.58031 -0.45957 -0.46427 0.4863
-0.037715 0.24736 1.1826 0.58031 -0.45957 -0.46427 0.4863
-0.03814 0.2469 1.183 0.5795 -0.45954 -0.46467 0.48692
-0.03814 0.2469 1.183 0.5795 -0.45954 -0.46467 0.48692
-0.03814 0.2469 1.183 0.5795 -0.45954 -0.46467 0.48692
-0.038222 0.2448 1.1826 0.57968 -0.45905 -0.46501 0.48684
-0.038811 0.24336 1.1827 0.57977 -0.46003 -0.46474 0.48607
-0.038811 0.24336 1.1827 0.57977 -0.46003 -0.46474 0.48607
-0.038811 0.24336 1.1827 0.57977 -0.46003 -0.46474 0.48607
-0.038811 0.24336 1.1827 0.57977 -0.46003 -0.46474 0.48607
-0.038956 0.24086 1.1823 0.57993 -0.45896 -0.46499 0.48664
-0.039358 0.23953 1.1824 0.58011 -0.45885 -0.46514 0.48638
-0.039477 0.23847 1.1824 0.58017 -0.45873 -0.46552 0.48606
-0.039477 0.23847 1.1824 0.58017 -0.45873 -0.46552 0.48606
-0.039477 0.23847 1.1824 0.58017 -0.45873 -0.46552 0.48606
-0.041304 0.23593 1.1819 0.58075 -0.45958 -0.465 0.48506
-0.040358 0.23525 1.182 0.58002 -0.45917 -0.46516 0.48617
-0.041061 0.23397 1.1821 0.57995 -0.45921 -0.46522 0.48616
-0.041061 0.23397 1.1821 0.57995 -0.45921 -0.46522 0.48616
-0.041808 0.23148 1.1821 0.58027 -0.45948 -0.46513 0.48561
-0.042003 0.22997 1.1818 0.58012 -0.45979 -0.46478 0.48584
-0.042003 0.22997 1.1818 0.58012 -0.45979 -0.46478 0.48584
-0.042346 0.22877 1.1815 0.58011 -0.45958 -0.46502 0.48581
-0.042346 0.22877 1.1815 0.58011 -0.45958 -0.46502 0.48581
-0.042346 0.22877 1.1815 0.58011 -0.45958 -0.46502 0.48581
-0.043211 0.22549 1.1818 0.57956 -0.46035 -0.46444 0.4863
-0.043492 0.22368 1.1817 0.57918 -0.46045 -0.4645 0.4866
-0.043492 0.22368 1.1817 0.57918 -0.46045 -0.4645 0.4866
-0.043492 0.22368 1.1817 0.57918 -0.46045 -0.4645 0.4866
-0.043492 0.22368 1.1817 0.57918 -0.46045 -0.4645 0.4866
-0.044556 0.21898 1.1817 0.58017 -0.45995 -0.46468 0.48572
-0.044875 0.21749 1.1818 0.57987 -0.45917 -0.46531 0.48621
-0.045465 0.21595 1.1816 0.58067 -0.45963 -0.46486 0.48525
-0.045465 0.21595 1.1816 0.58067 -0.45963 -0.46486 0.48525
-0.045493 0.21398 1.1819 0.57991 -0.45969 -0.46499 0.48598
-0.045958 0.21283 1.1819 0.58005 -0.45975 -0.46448 0.48625
-0.046838 0.21098 1.182 0.58018 -0.46046 -0.46467 0.48523
-0.046806 0.21025 1.1815 0.58044 -0.45988 -0.46439 0.48574
-0.046806 0.21025 1.1815 0.58044 -0.45988 -0.46439 0.48574
-0.04694 0.20755 1.1813 0.58044 -0.45963 -0.46462 0.48575
-0.04804 0.20519 1.1814 0.58022 -0.4599 -0.46462 0.48576
-0.048612 0.20281 1.1817 0.58056 -0.45951 -0.46504 0.48533
-0.048612 0.20281 1.1817 0.58056 -0.45951 -0.46504 0.48533
-0.048612 0.20281 1.1817 0.58056 -0.45951 -0.46504 0.48533
-0.048612 0.20281 1.1817 0.58056 -0.45951 -0.46504 0.48533
-0.048543 0.19893 1.1819 0.58032 -0.45914 -0.46513 0.48587
-0.049188 0.19661 1.1817 0.58009 -0.45927 -0.46523 0.48593
-0.049188 0.19661 1.1817 0.58009 -0.45927 -0.46523 0.48593
-0.049188 0.19661 1.1817 0.58009 -0.45927 -0.46523 0.48593
-0.049188 0.19661 1.1817 0.58009 -0.45927 -0.46523 0.48593
-0.050777 0.19146 1.1815 0.58119 -0.45951 -0.46454 0.48504
-0.050927 0.19122 1.1817 0.5798 -0.46041 -0.46447 0.48592
-0.051425 0.18944 1.1818 0.57993 -0.46038 -0.46453 0.48575
-0.051425 0.18944 1.1818 0.57993 -0.46038 -0.46453 0.48575
-0.05259 0.18605 1.1819 0.57996 -0.46042 -0.465 0.48521
-0.052576 0.185 1.1816 0.57998 -0.4609 -0.46488 0.48486
-0.052729 0.18324 1.1814 0.58022 -0.46 -0.46499 0.48532
-0.052548 0.18207 1.1817 0.58026 -0.46032 -0.46455 0.48539
-0.052548 0.18207 1.1817 0.58026 -0.46032 -0.46455 0.48539
-0.052548 0.18207 1.1817 0.58026 -0.46032 -0.46455 0.48539
-0.0543 0.17554 1.1813 0.58077 -0.45964 -0.46435 0.48561
-0.054298 0.1743 1.1815 0.58038 -0.45924 -0.46473 0.48609
-0.054298 0.1743 1.1815 0.58038 -0.45924 -0.46473 0.48609
-0.054298 0.1743 1.1815 0.58038 -0.45924 -0.46473 0.48609
-0.054298 0.1743 1.1815 0.58038 -0.45924 -0.46473 0.48609
-0.056386 0.16987 1.1813 0.58018 -0.46031 -0.46455 0.48548
-0.057033 0.16818 1.1814 0.58044 -0.45996 -0.46431 0.48574
-0.05667 0.16664 1.1813 0.58016 -0.45941 -0.46476 0.48616
-0.05667 0.16664 1.1813 0.58016 -0.45941 -0.46476 0.48616
-0.05667 0.16664 1.1813 0.58016 -0.45941 -0.46476 0.48616
-0.056997 0.16164 1.1813 0.58051 -0.45907 -0.46494 0.4859
-0.057212 0.16036 1.1816 0.58032 -0.45962 -0.46416 0.48635
-0.057875 0.15896 1.1812 0.58039 -0.45957 -0.4647 0.48579
-0.057875 0.15896 1.1812 0.58039 -0.45957 -0.4647 0.48579
-0.057875 0.15896 1.1812 0.58039 -0.45957 -0.4647 0.48579
-0.058087 0.15196 1.1813 0.58087 -0.45986 -0.46454 0.48511
-0.058087 0.15196 1.1813 0.58087 -0.45986 -0.46454 0.48511
-0.058116 0.15081 1.181 0.58085 -0.45965 -0.46425 0.4856
-0.058116 0.15081 1.181 0.58085 -0.45965 -0.46425 0.4856
-0.058116 0.15081 1.181 0.58085 -0.45965 -0.46425 0.4856
-0.058541 0.14692 1.181 0.58045 -0.46056 -0.464 0.48545
-0.058004 0.14398 1.1807 0.58113 -0.45975 -0.4641 0.48532
-0.058004 0.14398 1.1807 0.58113 -0.45975 -0.4641 0.48532
-0.058004 0.14398 1.1807 0.58113 -0.45975 -0.4641 0.48532
-0.058004 0.14398 1.1807 0.58113 -0.45975 -0.4641 0.48532
-0.058285 0.14093 1.1811 0.57989 -0.46091 -0.4642 0.4856
-0.057946 0.13972 1.1801 0.58092 -0.45988 -0.46431 0.48523
-0.058328 0.13855 1.1807 0.58022 -0.46047 -0.46413 0.48568
-0.058328 0.13855 1.1807 0.58022 -0.46047 -0.46413 0.48568
-0.058328 0.13855 1.1807 0.58022 -0.46047 -0.46413 0.48568
-0.058313 0.13509 1.1805 0.58021 -0.46068 -0.46452 0.48513
-0.057972 0.13376 1.1805 0.5802 -0.46023 -0.46476 0.48534
-0.058265 0.13353 1.1805 0.58002 -0.46123 -0.46436 0.48498
-0.058265 0.13353 1.1805 0.58002 -0.46123 -0.46436 0.48498
-0.058606 0.13138 1.1803 0.57998 -0.46155 -0.46426 0.48482
-0.058613 0.12968 1.1804 0.58008 -0.46187 -0.46422 0.48444
-0.058613 0.12968 1.1804 0.58008 -0.46187 -0.46422 0.48444
-0.057905 0.12871 1.1798 0.58042 -0.46104 -0.46393 0.48511
-0.057905 0.12871 1.1798 0.58042 -0.46104 -0.46393 0.48511
-0.057905 0.12871 1.1798 0.58042 -0.46104 -0.46393 0.48511
-0.058075 0.12666 1.1798 0.57999 -0.46117 -0.46426 0.48517
-0.058449 0.12462 1.1795 0.58078 -0.46087 -0.46456 0.48423
-0.058449 0.12462 1.1795 0.58078 -0.46087 -0.46456 0.48423
-0.058449 0.12462 1.1795 0.58078 -0.46087 -0.46456 0.48423
-0.058434 0.1238 1.1792 0.58054 -0.46061 -0.46431 0.485
-0.058976 0.12325 1.1791 0.5804 -0.46095 -0.46468 0.4845
-0.058323 0.12253 1.1794 0.58022 -0.4607 -0.46447 0.48515
-0.058361 0.12216 1.179 0.58079 -0.46079 -0.46426 0.48458
-0.058361 0.12216 1.179 0.58079 -0.46079 -0.46426 0.48458
-0.057941 0.12166 1.1792 0.58044 -0.46091 -0.46401 0.48513
-0.058474 0.12133 1.1796 0.57959 -0.46183 -0.46427 0.48501
-0.058134 0.11998 1.1784 0.58083 -0.46028 -0.46497 0.48434
-0.058826 0.12056 1.1789 0.58023 -0.46186 -0.46386 0.48461
-0.058826 0.12056 1.1789 0.58023 -0.46186 -0.46386 0.48461
-0.058732 0.12006 1.1789 0.57973 -0.46211 -0.46449 0.48437
-0.058415 0.11983 1.1788 0.5793 -0.46205 -0.46463 0.48481
-0.058615 0.11877 1.1789 0.58006 -0.46172 -0.4645 0.48434
-0.058615 0.11877 1.1789 0.58006 -0.46172 -0.4645 0.48434
-0.058615 0.11877 1.1789 0.58006 -0.46172 -0.4645 0.48434
-0.058615 0.11877 1.1789 0.58006 -0.46172 -0.4645 0.48434
-0.05857 0.11838 1.1786 0.58015 -0.46117 -0.46481 0.48446
-0.05835 0.11835 1.1787 0.58025 -0.4611 -0.46456 0.48465
-0.058189 0.11876 1.1787 0.57985 -0.46133 -0.46442 0.48504
-0.058189 0.11876 1.1787 0.57985 -0.46133 -0.46442 0.48504
-0.058189 0.11876 1.1787 0.57985 -0.46133 -0.46442 0.48504
-0.058321 0.11808 1.179 0.57964 -0.4615 -0.46515 0.48443
-0.057663 0.11843 1.1789 0.58012 -0.46089 -0.46449 0.48506
-0.057991 0.11818 1.1785 0.58043 -0.4608 -0.46464 0.48464
-0.057991 0.11818 1.1785 0.58043 -0.4608 -0.46464 0.48464
-0.057814 0.11811 1.1788 0.5801 -0.46074 -0.46523 0.48453
-0.058214 0.11876 1.1787 0.5798 -0.46161 -0.46466 0.4846
-0.057898 0.11822 1.1791 0.57956 -0.46114 -0.46528 0.48474
-0.057587 0.11803 1.1791 0.57944 -0.4608 -0.46549 0.48501
-0.057587 0.11803 1.1791 0.57944 -0.4608 -0.46549 0.48501
-0.057587 0.11803 1.1791 0.57944 -0.4608 -0.46549 0.48501
-0.058138 0.11767 1.1785 0.58033 -0.46109 -0.46483 0.4843
-0.05814 0.11776 1.1786 0.58051 -0.46052 -0.46512 0.48435
-0.05814 0.11776 1.1786 0.58051 -0.46052 -0.46512 0.48435
-0.05814 0.11776 1.1786 0.58051 -0.46052 -0.46512 0.48435
-0.05814 0.11776 1.1786 0.58051 -0.46052 -0.46512 0.48435
-0.058063 0.11804 1.1789 0.5799 -0.46103 -0.46495 0.48476
-0.057603 0.11837 1.1793 0.57936 -0.46074 -0.46519 0.48546
-0.057515 0.118 1.1789 0.57973 -0.4603 -0.46515 0.48546
-0.057515 0.118 1.1789 0.57973 -0.4603 -0.46515 0.48546
-0.057515 0.118 1.1789 0.57973 -0.4603 -0.46515 0.48546
-0.057815 0.11772 1.1788 0.58 -0.46015 -0.46528 0.48514
-0.057964 0.11811 1.1787 0.58052 -0.46066 -0.46448 0.48481
-0.057956 0.11826 1.1789 0.57982 -0.46086 -0.46486 0.4851
-0.057956 0.11826 1.1789 0.57982 -0.46086 -0.46486 0.4851
-0.058186 0.11844 1.179 0.57982 -0.46098 -0.4646 0.48524
-0.057698 0.11827 1.1786 0.58021 -0.46043 -0.46489 0.485
-0.057698 0.11827 1.1786 0.58021 -0.46043 -0.46489 0.485
-0.057825 0.11816 1.179 0.58001 -0.46047 -0.46451 0.48558
-0.057825 0.11816 1.179 0.58001 -0.46047 -0.46451 0.48558
-0.057825 0.11816 1.179 0.58001 -0.46047 -0.46451 0.48558
-0.057314 0.11774 1.1787 0.58047 -0.46006 -0.46504 0.48491
-0.057892 0.118 1.179 0.58021 -0.46039 -0.46486 0.48509
-0.057892 0.118 1.179 0.58021 -0.46039 -0.46486 0.48509
-0.057892 0.118 1.179 0.58021 -0.46039 -0.46486 0.48509
-0.057892 0.118 1.179 0.58021 -0.46039 -0.46486 0.48509
-0.057534 0.11762 1.179 0.58013 -0.46021 -0.46533 0.48489
-0.05808 0.11823 1.1788 0.58005 -0.46053 -0.46495 0.48505
-0.05808 0.11823 1.1788 0.58005 -0.46053 -0.46495 0.48505
-0.05808 0.11823 1.1788 0.58005 -0.46053 -0.46495 0.48505
-0.05808 0.11823 1.1788 0.58005 -0.46053 -0.46495 0.48505
-0.057216 0.11763 1.1784 0.58024 -0.46005 -0.46567 0.48459
-0.058095 0.11763 1.1787 0.58047 -0.46062 -0.46491 0.4845
-0.057616 0.11837 1.179 0.58004 -0.46079 -0.46442 0.48532
-0.057616 0.11837 1.179 0.58004 -0.46079 -0.46442 0.48532
-0.05759 0.11761 1.1787 0.58049 -0.45997 -0.46538 0.48464
-0.057941 0.11785 1.1792 0.58026 -0.46095 -0.46467 0.48466
-0.057941 0.11785 1.1792 0.58026 -0.46095 -0.46467 0.48466
-0.057878 0.11829 1.179 0.5798 -0.4615 -0.46484 0.48453
-0.057878 0.11829 1.179 0.5798 -0.4615 -0.46484 0.48453
-0.057878 0.11829 1.179 0.5798 -0.4615 -0.46484 0.48453
-0.058201 0.11788 1.1791 0.57982 -0.46089 -0.46497 0.48496
-0.058372 0.11783 1.1791 0.58013 -0.46089 -0.46483 0.48473
-0.058372 0.11783 1.1791 0.58013 -0.46089 -0.46483 0.48473
-0.058372 0.11783 1.1791 0.58013 -0.46089 -0.46483 0.48473
-0.058372 0.11783 1.1791 0.58013 -0.46089 -0.46483 0.48473
-0.058025 0.11731 1.1786 0.5807 -0.46041 -0.46519 0.48416
-0.057603 0.11787 1.1788 0.58077 -0.46042 -0.46436 0.48486
-0.058051 0.11811 1.1791 0.57972 -0.46138 -0.4651 0.48449
-0.058051 0.11811 1.1791 0.57972 -0.46138 -0.4651 0.48449
-0.057223 0.11743 1.179 0.58029 -0.46014 -0.46527 0.48482
-0.057766 0.11794 1.1789 0.58041 -0.46043 -0.46455 0.4851
-0.058036 0.11775 1.1791 0.57995 -0.46075 -0.46514 0.48479
-0.058011 0.11867 1.1794 0.57944 -0.46135 -0.46444 0.48549
-0.058011 0.11867 1.1794 0.57944 -0.46135 -0.46444 0.48549
-0.058011 0.11867 1.1794 0.57944 -0.46135 -0.46444 0.48549
-0.057754 0.11778 1.1793 0.57986 -0.46046 -0.46493 0.48537
-0.057754 0.11778 1.1793 0.57986 -0.46046 -0.46493 0.48537
-0.057765 0.11833 1.1792 0.58001 -0.46058 -0.46426 0.48572
-0.057765 0.11833 1.1792 0.58001 -0.46058 -0.46426 0.48572
-0.057765 0.11833 1.1792 0.58001 -0.46058 -0.46426 0.48572
-0.057615 0.11806 1.179 0.58023 -0.46061 -0.4646 0.4851
-0.057572 0.11858 1.1793 0.57901 -0.46096 -0.46517 0.48568
-0.057572 0.11858 1.1793 0.57901 -0.46096 -0.46517 0.48568
-0.057572 0.11858 1.1793 0.57901 -0.46096 -0.46517 0.48568
-0.057572 0.11858 1.1793 0.57901 -0.46096 -0.46517 0.48568
-0.057556 0.11777 1.179 0.58012 -0.46016 -0.46525 0.48503
-0.057636 0.11844 1.1792 0.5797 -0.46052 -0.46477 0.48564
-0.057348 0.11808 1.1789 0.57973 -0.46003 -0.46536 0.48551
-0.057348 0.11808 1.1789 0.57973 -0.46003 -0.46536 0.48551
-0.057852 0.11784 1.1791 0.57986 -0.46069 -0.46512 0.48497
-0.056901 0.11782 1.1792 0.57996 -0.45959 -0.46532 0.4857
-0.057408 0.11814 1.1788 0.58035 -0.46053 -0.46445 0.48517
-0.057574 0.11798 1.1792 0.57955 -0.46086 -0.46513 0.48516
-0.057574 0.11798 1.1792 0.57955 -0.46086 -0.46513 0.48516
-0.057505 0.11771 1.1791 0.57987 -0.46077 -0.46526 0.48474
-0.057911 0.11837 1.1792 0.57955 -0.46118 -0.46465 0.48533
-0.058134 0.1188 1.1793 0.5791 -0.46198 -0.46467 0.48507
-0.058134 0.1188 1.1793 0.5791 -0.46198 -0.46467 0.48507
-0.058134 0.1188 1.1793 0.5791 -0.46198 -0.46467 0.48507
-0.058134 0.1188 1.1793 0.5791 -0.46198 -0.46467 0.48507
-0.057772 0.1183 1.179 0.57967 -0.46127 -0.46489 0.48487
-0.057629 0.11808 1.1794 0.57978 -0.46111 -0.46484 0.48494
-0.057872 0.11751 1.1791 0.58016 -0.46054 -0.46533 0.48454
-0.057872 0.11751 1.1791 0.58016 -0.46054 -0.46533 0.48454
-0.057872 0.11751 1.1791 0.58016 -0.46054 -0.46533 0.48454
-0.057767 0.11782 1.1788 0.58016 -0.46033 -0.46524 0.48483
-0.058023 0.11753 1.179 0.57997 -0.46018 -0.46546 0.48499
-0.057934 0.11804 1.1784 0.58058 -0.46088 -0.46463 0.48439
-0.057934 0.11804 1.1784 0.58058 -0.46088 -0.46463 0.48439
-0.057186 0.11822 1.1789 0.58009 -0.46024 -0.46444 0.48577
-0.057662 0.11821 1.179 0.57979 -0.46049 -0.46511 0.48525
-0.058009 0.11814 1.1792 0.58 -0.46096 -0.46492 0.48473
-0.058009 0.11814 1.1792 0.58 -0.46096 -0.46492 0.48473
-0.058009 0.11814 1.1792 0.58 -0.46096 -0.46492 0.48473
-0.058009 0.11814 1.1792 0.58 -0.46096 -0.46492 0.48473
-0.057479 0.11788 1.1787 0.58007 -0.45994 -0.46514 0.48541
-0.057894 0.11848 1.1789 0.57978 -0.46082 -0.46502 0.48503
-0.057894 0.11848 1.1789 0.57978 -0.46082 -0.46502 0.48503
-0.057894 0.11848 1.1789 0.57978 -0.46082 -0.46502 0.48503
-0.057894 0.11848 1.1789 0.57978 -0.46082 -0.46502 0.48503
-0.057647 0.11769 1.1792 0.58034 -0.46011 -0.46458 0.48545
-0.057571 0.11736 1.1791 0.5804 -0.46052 -0.46517 0.48442
-0.057659 0.11766 1.1788 0.58088 -0.46029 -0.46481 0.48443
-0.057659 0.11766 1.1788 0.58088 -0.46029 -0.46481 0.48443
-0.057659 0.11766 1.1788 0.58088 -0.46029 -0.46481 0.48443
-0.058152 0.11832 1.1792 0.57985 -0.46151 -0.46472 0.48458
-0.057544 0.11808 1.1783 0.58056 -0.45985 -0.46529 0.48475
-0.057471 0.11798 1.1787 0.58009 -0.46089 -0.46515 0.48446
-0.057471 0.11798 1.1787 0.58009 -0.46089 -0.46515 0.48446
-0.057464 0.11804 1.1792 0.57986 -0.46044 -0.465 0.48531
-0.057929 0.11781 1.179 0.58034 -0.46049 -0.4647 0.48498
-0.057929 0.11781 1.179 0.58034 -0.46049 -0.4647 0.48498
-0.057812 0.11813 1.1793 0.57979 -0.46083 -0.4649 0.48513
-0.057812 0.11813 1.1793 0.57979 -0.46083 -0.4649 0.48513
-0.057812 0.11813 1.1793 0.57979 -0.46083 -0.4649 0.48513
-0.058153 0.11824 1.1791 0.58008 -0.46148 -0.46454 0.4845
-0.057614 0.118 1.1791 0.57981 -0.4603 -0.46512 0.48539
-0.057614 0.118 1.1791 0.57981 -0.4603 -0.46512 0.48539
-0.057614 0.118 1.1791 0.57981 -0.4603 -0.46512 0.48539
-0.057614 0.118 1.1791 0.57981 -0.4603 -0.46512 0.48539
-0.057917 0.11844 1.1784 0.58031 -0.46044 -0.46492 0.48485
-0.05793 0.11822 1.179 0.57967 -0.46078 -0.46522 0.485
-0.057719 0.11803 1.1792 0.57982 -0.46062 -0.46522 0.48499
-0.057719 0.11803 1.1792 0.57982 -0.46062 -0.46522 0.48499
-0.05758 0.1179 1.1789 0.58036 -0.46046 -0.46518 0.48452
-0.057675 0.11805 1.1794 0.57977 -0.46091 -0.46484 0.48514
-0.057244 0.11766 1.1791 0.58004 -0.46013 -0.46536 0.48504
-0.057827 0.11784 1.1788 0.58021 -0.46067 -0.46529 0.4844
-0.057827 0.11784 1.1788 0.58021 -0.46067 -0.46529 0.4844
-0.05771 0.11754 1.1793 0.5798 -0.46055 -0.46563 0.48467
-0.057861 0.11837 1.1789 0.58023 -0.46115 -0.4643 0.48486
-0.057861 0.11837 1.1789 0.58023 -0.46115 -0.4643 0.48486
-0.057928 0.11806 1.1789 0.58006 -0.46054 -0.46517 0.48482
-0.057928 0.11806 1.1789 0.58006 -0.46054 -0.46517 0.48482
-0.057928 0.11806 1.1789 0.58006 -0.46054 -0.46517 0.48482
-0.057965 0.1177 1.1794 0.58 -0.46088 -0.46459 0.48512
-0.058096 0.11851 1.179 0.57973 -0.46129 -0.4647 0.48495
-0.05751 0.11765 1.1794 0.57943 -0.45999 -0.46574 0.48555
-0.05751 0.11765 1.1794 0.57943 -0.45999 -0.46574 0.48555
-0.05751 0.11765 1.1794 0.57943 -0.45999 -0.46574 0.48555
-0.057919 0.11902 1.179 0.57961 -0.46134 -0.46445 0.48529
-0.057989 0.11749 1.1784 0.58075 -0.46014 -0.46509 0.48445
-0.057905 0.11758 1.1789 0.58069 -0.46051 -0.46474 0.48451
-0.057905 0.11758 1.1789 0.58069 -0.46051 -0.46474 0.48451
-0.057905 0.11758 1.1789 0.58069 -0.46051 -0.46474 0.48451
-0.057883 0.11737 1.1787 0.58061 -0.46007 -0.46539 0.48439
-0.057509 0.11762 1.1791 0.58056 -0.46029 -0.46473 0.48488
-0.057405 0.1179 1.1792 0.57985 -0.46026 -0.46538 0.48514
-0.057405 0.1179 1.1792 0.57985 -0.46026 -0.46538 0.48514
-0.057405 0.1179 1.1792 0.57985 -0.46026 -0.46538 0.48514
-0.058155 0.11777 1.1791 0.57983 -0.46092 -0.46515 0.48476
-0.057516 0.1178 1.1791 0.57985 -0.46077 -0.46519 0.48483
-0.057516 0.1178 1.1791 0.57985 -0.46077 -0.46519 0.48483
-0.057516 0.1178 1.1791 0.57985 -0.46077 -0.46519 0.48483
-0.057516 0.1178 1.1791 0.57985 -0.46077 -0.46519 0.48483
-0.057649 0.11787 1.1788 0.5807 -0.46047 -0.4647 0.48457
-0.057709 0.1183 1.1795 0.57973 -0.46128 -0.46455 0.4851
-0.057709 0.1183 1.1795 0.57973 -0.46128 -0.46455 0.4851
-0.057709 0.1183 1.1795 0.57973 -0.46128 -0.46455 0.4851
-0.057709 0.1183 1.1795 0.57973 -0.46128 -0.46455 0.4851
-0.057983 0.1175 1.1791 0.58055 -0.46024 -0.46489 0.48479
-0.05808 0.11818 1.1793 0.58015 -0.46119 -0.46414 0.48509
-0.058071 0.11816 1.1793 0.57981 -0.46121 -0.46476 0.48487
-0.058071 0.11816 1.1793 0.57981 -0.46121 -0.46476 0.48487
-0.057712 0.11798 1.1788 0.58032 -0.46076 -0.46488 0.48458
-0.057762 0.11812 1.1788 0.58081 -0.46064 -0.46459 0.48439
-0.057652 0.11786 1.1786 0.5804 -0.46028 -0.46525 0.48458
-0.057879 0.11762 1.1788 0.58064 -0.46031 -0.46531 0.48421
-0.057879 0.11762 1.1788 0.58064 -0.46031 -0.46531 0.48421
-0.057879 0.11762 1.1788 0.58064 -0.46031 -0.46531 0.48421
-0.057455 0.11764 1.179 0.57995 -0.46025 -0.46562 0.4848
-0.057907 0.11791 1.1789 0.58007 -0.46058 -0.46526 0.48468
-0.057907 0.11791 1.1789 0.58007 -0.46058 -0.46526 0.48468
-0.057907 0.11791 1.1789 0.58007 -0.46058 -0.46526 0.48468
-0.057907 0.11791 1.1789 0.58007 -0.46058 -0.46526 0.48468
-0.05823 0.11795 1.179 0.58028 -0.46069 -0.46468 0.48488
-0.05694 0.11835 1.1793 0.57942 -0.46034 -0.46533 0.48562
-0.05694 0.11835 1.1793 0.57942 -0.46034 -0.46533 0.48562
-0.05694 0.11835 1.1793 0.57942 -0.46034 -0.46533 0.48562
-0.05694 0.11835 1.1793 0.57942 -0.46034 -0.46533 0.48562
-0.05799 0.11787 1.1789 0.58033 -0.46109 -0.46509 0.48405
-0.058186 0.11755 1.1787 0.58087 -0.46089 -0.46486 0.48382
-0.058254 0.11762 1.1786 0.58071 -0.46028 -0.46489 0.48456
-0.058254 0.11762 1.1786 0.58071 -0.46028 -0.46489 0.48456
-0.0577 0.11782 1.1792 0.57995 -0.46096 -0.46508 0.48463
-0.057717 0.1182 1.1791 0.58022 -0.46035 -0.4644 0.48555
-0.057717 0.1182 1.1791 0.58022 -0.46035 -0.4644 0.48555
-0.058058 0.11793 1.1788 0.58016 -0.46049 -0.46512 0.48479
-0.058058 0.11793 1.1788 0.58016 -0.46049 -0.46512 0.48479
-0.058058 0.11793 1.1788 0.58016 -0.46049 -0.46512 0.48479
-0.057349 0.11821 1.1794 0.5794 -0.46076 -0.46507 0.4855
-0.057729 0.11839 1.1793 0.57977 -0.46063 -0.46454 0.48568
-0.057729 0.11839 1.1793 0.57977 -0.46063 -0.46454 0.48568
-0.057729 0.11839 1.1793 0.57977 -0.46063 -0.46454 0.48568
-0.057729 0.11839 1.1793 0.57977 -0.46063 -0.46454 0.48568
-0.058143 0.11845 1.1792 0.57933 -0.46154 -0.46534 0.48458
-0.05773 0.11739 1.179 0.58026 -0.45986 -0.46545 0.48495
-0.0578 0.11829 1.179 0.57991 -0.4605 -0.46508 0.48513
-0.0578 0.11829 1.179 0.57991 -0.4605 -0.46508 0.48513
-0.0578 0.11829 1.179 0.57991 -0.4605 -0.46508 0.48513
-0.057477 0.11823 1.179 0.57965 -0.46047 -0.46527 0.48527
-0.05752 0.11818 1.1789 0.58013 -0.46029 -0.46496 0.48517
-0.057674 0.11776 1.1787 0.58076 -0.46028 -0.46461 0.48477
-0.057674 0.11776 1.1787 0.58076 -0.46028 -0.46461 0.48477
-0.057895 0.11745 1.179 0.58041 -0.46062 -0.4655 0.484
-0.05776 0.11838 1.1793 0.57931 -0.46144 -0.46521 0.48482
-0.05806 0.11821 1.1793 0.5801 -0.46166 -0.46439 0.48445
-0.057406 0.11731 1.1787 0.58086 -0.45987 -0.4649 0.48476
-0.057406 0.11731 1.1787 0.58086 -0.45987 -0.4649 0.48476
-0.057406 0.11731 1.1787 0.58086 -0.45987 -0.4649 0.48476
-0.057931 0.11788 1.1785 0.58023 -0.46026 -0.46538 0.48468
-0.057957 0.11848 1.1788 0.57996 -0.46108 -0.46442 0.48514
-0.057957 0.11848 1.1788 0.57996 -0.46108 -0.46442 0.48514
-0.057957 0.11848 1.1788 0.57996 -0.46108 -0.46442 0.48514
-0.057957 0.11848 1.1788 0.57996 -0.46108 -0.46442 0.48514
-0.057744 0.11807 1.1791 0.58015 -0.46087 -0.46468 0.48486
-0.058186 0.11844 1.179 0.57991 -0.46107 -0.46451 0.48513
-0.058186 0.11844 1.179 0.57991 -0.46107 -0.46451 0.48513
-0.058186 0.11844 1.179 0.57991 -0.46107 -0.46451 0.48513
-0.058186 0.11844 1.179 0.57991 -0.46107 -0.46451 0.48513
-0.057709 0.11804 1.1791 0.57977 -0.46053 -0.46515 0.48519
-0.057675 0.11794 1.1793 0.57949 -0.4605 -0.46522 0.4855
-0.058009 0.11803 1.1791 0.58029 -0.46067 -0.46441 0.48515
-0.058009 0.11803 1.1791 0.58029 -0.46067 -0.46441 0.48515
