0.43243 0.33813 0.37792 -0.62597 0.17889 0.72448 0.22647
0.43243 0.33813 0.37792 -0.62597 0.17889 0.72448 0.22647
0.43246 0.33844 0.3785 -0.62596 0.17852 0.72445 0.22691
0.43246 0.33844 0.3785 -0.62596 0.17852 0.72445 0.22691
0.43308 0.33773 0.37849 -0.62594 0.17924 0.72416 0.22728
0.43367 0.33769 0.37862 -0.62678 0.17898 0.72361 0.22694
0.43346 0.33757 0.37846 -0.62636 0.17881 0.72397 0.22708
0.43277 0.33788 0.37836 -0.62618 0.17891 0.7242 0.22677
0.43299 0.33777 0.37851 -0.62595 0.17912 0.72418 0.2273
0.4333 0.33797 0.37849 -0.62648 0.17861 0.72408 0.22659
0.4333 0.33797 0.37849 -0.62648 0.17861 0.72408 0.22659
0.43291 0.33758 0.37824 -0.62595 0.17922 0.72421 0.22712
0.43247 0.33821 0.37797 -0.62586 0.17869 0.72459 0.2266
0.43312 0.3379 0.3782 -0.62586 0.17903 0.72423 0.22745
0.43291 0.33779 0.37823 -0.62598 0.17917 0.7242 0.22713
0.43279 0.33728 0.37821 -0.62598 0.18002 0.72388 0.22746
0.43279 0.33728 0.37821 -0.62598 0.18002 0.72388 0.22746
0.43349 0.33784 0.37853 -0.62643 0.1791 0.72377 0.22733
0.43227 0.33785 0.37776 -0.62584 0.17935 0.72446 0.22651
0.43353 0.33794 0.37827 -0.62673 0.17881 0.72376 0.22671
0.43353 0.33794 0.37827 -0.62673 0.17881 0.72376 0.22671
0.43272 0.33746 0.37827 -0.62613 0.17953 0.724 0.22705
0.43288 0.33739 0.37806 -0.62621 0.17949 0.72403 0.22676
0.43295 0.33799 0.37835 -0.62624 0.17886 0.72418 0.22669
0.43254 0.33772 0.3778 -0.62589 0.17915 0.72443 0.22665
0.43327 0.33764 0.37845 -0.62612 0.17925 0.72406 0.22712
0.43256 0.33741 0.37783 -0.62568 0.17929 0.72453 0.22679
0.43346 0.33715 0.37788 -0.62658 0.17955 0.72376 0.22658
0.43363 0.33821 0.37846 -0.62658 0.17853 0.72376 0.22737
0.43257 0.33699 0.37751 -0.62563 0.18013 0.72431 0.22697
0.4333 0.33766 0.37843 -0.62695 0.17872 0.7236 0.22673
0.4333 0.33766 0.37843 -0.62695 0.17872 0.7236 0.22673
0.43309 0.33762 0.37811 -0.62596 0.17972 0.72393 0.22759
0.43309 0.33762 0.37811 -0.62596 0.17972 0.72393 0.22759
0.43261 0.33761 0.3777 -0.6259 0.17912 0.72443 0.22664
0.43261 0.33761 0.3777 -0.6259 0.17912 0.72443 0.22664
0.43296 0.33812 0.378 -0.6264 0.17944 0.72384 0.22689
0.43296 0.33812 0.378 -0.6264 0.17944 0.72384 0.22689
0.43322 0.33753 0.37831 -0.62623 0.17923 0.72392 0.22729
0.43241 0.33703 0.37742 -0.62612 0.17975 0.72433 0.22585
0.43303 0.33753 0.37836 -0.6261 0.17936 0.72413 0.22688
0.43318 0.33791 0.37822 -0.62678 0.17909 0.72368 0.22663
0.43318 0.33791 0.37822 -0.62678 0.17909 0.72368 0.22663
0.4337 0.33898 0.37864 -0.62692 0.17786 0.72371 0.22714
0.43274 0.33808 0.37799 -0.62615 0.17919 0.72412 0.22688
0.43323 0.33711 0.37799 -0.62621 0.17993 0.72373 0.22735
0.433 0.33813 0.37828 -0.62596 0.17879 0.72433 0.22705
0.43266 0.33864 0.37838 -0.62596 0.17811 0.72456 0.22685
0.43303 0.33721 0.37776 -0.62643 0.17941 0.72395 0.22647
0.43222 0.33718 0.37758 -0.62585 0.1796 0.7246 0.22583
0.43256 0.3377 0.37823 -0.62598 0.17922 0.72435 0.2266
0.43286 0.33727 0.37823 -0.62622 0.17988 0.72387 0.22695
0.43264 0.33745 0.37823 -0.62604 0.17912 0.72441 0.22632
0.43317 0.33725 0.37794 -0.62628 0.17958 0.72404 0.22647
0.43234 0.33736 0.37752 -0.62553 0.18015 0.72448 0.22669
0.43234 0.33736 0.37752 -0.62553 0.18015 0.72448 0.22669
0.43316 0.33739 0.37791 -0.62654 0.17946 0.72377 0.22673
0.43324 0.33759 0.37792 -0.62647 0.17917 0.72386 0.22684
0.43239 0.33799 0.37766 -0.62595 0.17915 0.72449 0.22629
0.43202 0.33654 0.37719 -0.6256 0.18064 0.72453 0.22593
0.43202 0.33654 0.37719 -0.6256 0.18064 0.72453 0.22593
0.43233 0.33715 0.37761 -0.62584 0.17987 0.72433 0.22654
0.43198 0.33781 0.37799 -0.62584 0.17926 0.72458 0.22624
0.43198 0.33781 0.37799 -0.62584 0.17926 0.72458 0.22624
0.43286 0.33745 0.3778 -0.62632 0.17974 0.72388 0.22673
0.43318 0.33715 0.37782 -0.6261 0.17955 0.72408 0.22685
0.43259 0.33802 0.37753 -0.62628 0.179 0.72424 0.22629
0.43284 0.33746 0.37787 -0.62651 0.1795 0.72382 0.22659
0.43269 0.33701 0.37731 -0.62617 0.18013 0.72407 0.22626
0.43251 0.33678 0.37715 -0.62591 0.18047 0.72414 0.22646
0.43233 0.33797 0.37769 -0.62562 0.17946 0.72443 0.22712
0.43218 0.33829 0.37782 -0.62546 0.17855 0.72496 0.22661
0.43226 0.33718 0.37727 -0.62602 0.17993 0.72423 0.2263
0.43259 0.33814 0.37786 -0.62641 0.17854 0.72436 0.22591
0.43259 0.33814 0.37786 -0.62641 0.17854 0.72436 0.22591
0.4332 0.33707 0.37752 -0.62625 0.17984 0.72399 0.22649
0.43262 0.33716 0.37767 -0.6259 0.18005 0.72405 0.22712
0.43265 0.33801 0.37734 -0.62618 0.17906 0.72436 0.22613
0.43239 0.33709 0.37741 -0.62594 0.17977 0.72439 0.22613
0.43217 0.33737 0.37741 -0.62618 0.17976 0.72416 0.22623
0.43274 0.33731 0.3773 -0.62632 0.17961 0.72412 0.22609
0.43154 0.3374 0.37685 -0.62517 0.17998 0.72499 0.2262
0.43154 0.3374 0.37685 -0.62517 0.17998 0.72499 0.2262
0.43196 0.337 0.37692 -0.62574 0.18013 0.72454 0.22591
0.43196 0.337 0.37692 -0.62574 0.18013 0.72454 0.22591
0.43202 0.33641 0.37636 -0.62615 0.1807 0.72428 0.22517
0.43224 0.33533 0.37604 -0.62625 0.18159 0.72401 0.22506
0.43224 0.33533 0.37604 -0.62625 0.18159 0.72401 0.22506
0.4319 0.33645 0.37551 -0.62553 0.18117 0.72429 0.22648
0.4319 0.33645 0.37551 -0.62553 0.18117 0.72429 0.22648
0.43272 0.33585 0.37486 -0.62592 0.1818 0.72348 0.22749
0.43229 0.3356 0.37424 -0.62595 0.18247 0.72339 0.22715
0.4321 0.33494 0.37319 -0.62569 0.18338 0.72317 0.22781
0.43236 0.33548 0.37279 -0.62569 0.18279 0.72314 0.22841
0.43134 0.33547 0.37171 -0.62457 0.18392 0.7234 0.22974
0.43202 0.33523 0.37131 -0.62516 0.18397 0.72276 0.2301
0.43202 0.33523 0.37131 -0.62516 0.18397 0.72276 0.2301
0.43154 0.3359 0.36981 -0.62399 0.18457 0.72281 0.23263
0.43193 0.33589 0.36871 -0.62447 0.1849 0.72199 0.23364
0.43236 0.33509 0.36768 -0.62487 0.18541 0.72149 0.23368
0.4326 0.33575 0.36737 -0.62474 0.18583 0.72081 0.2358
0.4326 0.33575 0.36737 -0.62474 0.18583 0.72081 0.2358
0.43232 0.33532 0.36464 -0.62417 0.18707 0.72042 0.2375
0.43269 0.33639 0.36414 -0.62358 0.18666 0.72035 0.23958
0.43265 0.33666 0.36318 -0.62408 0.18632 0.71978 0.24024
0.43172 0.33819 0.36185 -0.62344 0.18633 0.7199 0.24155
0.43172 0.33819 0.36185 -0.62344 0.18633 0.7199 0.24155
0.43155 0.33782 0.35945 -0.62361 0.18783 0.71861 0.24379
0.43155 0.33844 0.35901 -0.62308 0.18766 0.71849 0.2456
0.43155 0.33844 0.35901 -0.62308 0.18766 0.71849 0.2456
0.43047 0.33968 0.35626 -0.62299 0.18795 0.71781 0.24761
0.43059 0.34007 0.35521 -0.62315 0.18765 0.71759 0.24808
0.43051 0.34014 0.35413 -0.62343 0.18815 0.71682 0.24921
0.43009 0.34082 0.35276 -0.6239 0.18778 0.71646 0.24935
0.43056 0.34142 0.35217 -0.62356 0.1885 0.71565 0.25195
0.43056 0.34142 0.35217 -0.62356 0.1885 0.71565 0.25195
0.42896 0.34087 0.34896 -0.62293 0.18969 0.71578 0.25228
0.42819 0.34065 0.34761 -0.62299 0.19042 0.71546 0.25246
0.42835 0.34119 0.3466 -0.62324 0.19026 0.71514 0.25289
0.42835 0.34119 0.3466 -0.62324 0.19026 0.71514 0.25289
0.42692 0.34029 0.34355 -0.62263 0.19225 0.71467 0.25419
0.42621 0.34014 0.34204 -0.62252 0.19282 0.71473 0.25386
0.42666 0.34035 0.34099 -0.62352 0.19242 0.71405 0.25363
0.42538 0.33994 0.33964 -0.62304 0.1935 0.71399 0.25416
0.4236 0.33944 0.33744 -0.62255 0.19437 0.71456 0.25311
0.42361 0.33971 0.33663 -0.6228 0.19463 0.71403 0.25378
0.42291 0.33897 0.33479 -0.62279 0.19604 0.71352 0.25414
0.42246 0.33768 0.33315 -0.62263 0.19711 0.71357 0.25357
0.42207 0.33853 0.33207 -0.62306 0.19655 0.7133 0.25373
0.42058 0.33999 0.33105 -0.62232 0.19597 0.71382 0.2545
0.42004 0.33782 0.32859 -0.62292 0.19817 0.71298 0.25371
0.42004 0.33782 0.32859 -0.62292 0.19817 0.71298 0.25371
0.41834 0.33749 0.32559 -0.62291 0.19923 0.71276 0.25352
0.41834 0.33749 0.32559 -0.62291 0.19923 0.71276 0.25352
0.41763 0.33918 0.324 -0.62296 0.19869 0.71211 0.25561
0.41763 0.33918 0.324 -0.62296 0.19869 0.71211 0.25561
0.41763 0.33918 0.324 -0.62296 0.19869 0.71211 0.25561
0.41763 0.33918 0.324 -0.62296 0.19869 0.71211 0.25561
0.41545 0.33883 0.31811 -0.62376 0.20069 0.71026 0.25723
0.41531 0.33911 0.31694 -0.62388 0.2004 0.71003 0.25783
0.41531 0.33911 0.31694 -0.62388 0.2004 0.71003 0.25783
0.41531 0.33911 0.31694 -0.62388 0.2004 0.71003 0.25783
0.41531 0.33911 0.31694 -0.62388 0.2004 0.71003 0.25783
0.4142 0.34072 0.31249 -0.62479 0.20038 0.70811 0.2609
0.41329 0.34115 0.3108 -0.62469 0.20072 0.70763 0.26219
0.41329 0.34115 0.3108 -0.62469 0.20072 0.70763 0.26219
0.41329 0.34115 0.3108 -0.62469 0.20072 0.70763 0.26219
0.41228 0.34137 0.30814 -0.62472 0.20102 0.70689 0.26386
0.41193 0.34267 0.30628 -0.6251 0.20064 0.70568 0.26649
0.41109 0.34312 0.30469 -0.62463 0.20084 0.70562 0.26758
0.41109 0.34312 0.30469 -0.62463 0.20084 0.70562 0.26758
0.41109 0.34312 0.30469 -0.62463 0.20084 0.70562 0.26758
0.41222 0.344 0.30279 -0.62538 0.20082 0.70343 0.27159
0.41037 0.34598 0.30036 -0.62481 0.20042 0.70315 0.27391
0.41079 0.34473 0.29907 -0.62585 0.20116 0.70179 0.27449
0.41079 0.34473 0.29907 -0.62585 0.20116 0.70179 0.27449
0.41079 0.34473 0.29907 -0.62585 0.20116 0.70179 0.27449
0.411 0.34571 0.29678 -0.62601 0.20099 0.70047 0.27757
0.41122 0.34663 0.29485 -0.62581 0.2006 0.69956 0.28058
0.41068 0.34602 0.29338 -0.6261 0.20134 0.69871 0.28154
0.41068 0.34602 0.29338 -0.6261 0.20134 0.69871 0.28154
0.41068 0.34602 0.29338 -0.6261 0.20134 0.69871 0.28154
0.41068 0.34602 0.29338 -0.6261 0.20134 0.69871 0.28154
0.41081 0.34545 0.28875 -0.6263 0.20266 0.69609 0.28659
0.41035 0.34541 0.28708 -0.62649 0.20291 0.69574 0.28685
0.41035 0.34541 0.28708 -0.62649 0.20291 0.69574 0.28685
0.41035 0.34541 0.28708 -0.62649 0.20291 0.69574 0.28685
0.41074 0.344 0.2845 -0.62677 0.20449 0.69415 0.28896
0.41097 0.3418 0.28232 -0.62707 0.20637 0.69243 0.29108
0.4099 0.34329 0.28113 -0.62642 0.20572 0.69258 0.29261
0.4099 0.34329 0.28113 -0.62642 0.20572 0.69258 0.29261
0.4099 0.34329 0.28113 -0.62642 0.20572 0.69258 0.29261
0.4099 0.34329 0.28113 -0.62642 0.20572 0.69258 0.29261
0.40934 0.33974 0.27575 -0.62671 0.2089 0.69024 0.29523
0.40974 0.33834 0.27484 -0.62729 0.21013 0.68916 0.29566
0.40974 0.33834 0.27484 -0.62729 0.21013 0.68916 0.29566
0.40974 0.33834 0.27484 -0.62729 0.21013 0.68916 0.29566
0.41062 0.33802 0.27269 -0.62824 0.21034 0.68747 0.29742
0.4096 0.33637 0.2701 -0.62788 0.21182 0.68676 0.29875
0.4092 0.33608 0.26881 -0.62774 0.21225 0.68635 0.29969
0.4092 0.33608 0.26881 -0.62774 0.21225 0.68635 0.29969
0.4092 0.33608 0.26881 -0.62774 0.21225 0.68635 0.29969
0.40982 0.33477 0.26649 -0.62856 0.21339 0.68415 0.30218
0.40969 0.33391 0.26402 -0.62877 0.21373 0.6833 0.30341
0.40969 0.33391 0.26402 -0.62877 0.21373 0.6833 0.30341
0.40898 0.3329 0.26282 -0.62847 0.21517 0.68263 0.30452
0.40898 0.3329 0.26282 -0.62847 0.21517 0.68263 0.30452
0.40961 0.334 0.26121 -0.62916 0.21416 0.68119 0.30705
0.40974 0.33296 0.25919 -0.62888 0.21535 0.67967 0.31013
0.41066 0.33246 0.25832 -0.62979 0.21524 0.67826 0.31146
0.41066 0.33246 0.25832 -0.62979 0.21524 0.67826 0.31146
0.41066 0.33246 0.25832 -0.62979 0.21524 0.67826 0.31146
0.41023 0.33388 0.25546 -0.62976 0.21454 0.67654 0.3157
0.41147 0.33325 0.25515 -0.62997 0.21508 0.67502 0.31814
0.41152 0.33323 0.25403 -0.63008 0.21498 0.67436 0.3194
0.41152 0.33323 0.25403 -0.63008 0.21498 0.67436 0.3194
0.41152 0.33323 0.25403 -0.63008 0.21498 0.67436 0.3194
0.41263 0.33323 0.25275 -0.63119 0.21469 0.6721 0.32217
0.4138 0.33362 0.25119 -0.63127 0.21459 0.66993 0.32657
0.41308 0.33366 0.24942 -0.63095 0.21425 0.67025 0.32676
0.41308 0.33366 0.24942 -0.63095 0.21425 0.67025 0.32676
0.41308 0.33366 0.24942 -0.63095 0.21425 0.67025 0.32676
0.41532 0.33497 0.24729 -0.63184 0.21299 0.66763 0.33118
0.41532 0.33497 0.24729 -0.63184 0.21299 0.66763 0.33118
0.4165 0.33681 0.24578 -0.63222 0.21053 0.66716 0.33297
0.4165 0.33681 0.24578 -0.63222 0.21053 0.66716 0.33297
0.4165 0.33681 0.24578 -0.63222 0.21053 0.66716 0.33297
0.4165 0.33681 0.24578 -0.63222 0.21053 0.66716 0.33297
0.4168 0.33751 0.24179 -0.63218 0.20912 0.66692 0.33442
0.41789 0.33735 0.23959 -0.63229 0.20848 0.66636 0.33573
0.41789 0.33735 0.23959 -0.63229 0.20848 0.66636 0.33573
0.41789 0.33735 0.23959 -0.63229 0.20848 0.66636 0.33573
0.41927 0.33851 0.23618 -0.632 0.20674 0.66672 0.33662
0.41935 0.33876 0.23501 -0.63259 0.20567 0.66708 0.33547
0.41935 0.33876 0.23501 -0.63259 0.20567 0.66708 0.33547
0.42012 0.33908 0.23374 -0.63209 0.20533 0.66723 0.33632
0.42012 0.33908 0.23374 -0.63209 0.20533 0.66723 0.33632
0.41972 0.33877 0.23098 -0.63174 0.20451 0.66859 0.33477
0.42011 0.33796 0.22792 -0.63253 0.20426 0.6688 0.33301
0.41997 0.33687 0.2262 -0.63224 0.20456 0.66952 0.33191
0.41997 0.33687 0.2262 -0.63224 0.20456 0.66952 0.33191
0.41997 0.33687 0.2262 -0.63224 0.20456 0.66952 0.33191
0.41952 0.33685 0.22218 -0.63211 0.20314 0.67146 0.32912
0.41952 0.33685 0.22218 -0.63211 0.20314 0.67146 0.32912
0.42019 0.33453 0.2194 -0.63219 0.20448 0.67119 0.32869
0.42019 0.33453 0.2194 -0.63219 0.20448 0.67119 0.32869
0.42019 0.33453 0.2194 -0.63219 0.20448 0.67119 0.32869
0.41869 0.3349 0.21659 -0.63114 0.2035 0.67373 0.32609
0.41932 0.33242 0.21525 -0.63201 0.20475 0.67307 0.32498
0.41878 0.33154 0.21223 -0.63149 0.20492 0.67449 0.32293
0.41878 0.33154 0.21223 -0.63149 0.20492 0.67449 0.32293
0.41878 0.33154 0.21223 -0.63149 0.20492 0.67449 0.32293
0.4185 0.32957 0.20925 -0.63156 0.20491 0.67578 0.3201
0.4185 0.32879 0.20649 -0.631 0.20492 0.67669 0.31929
0.41843 0.32844 0.20525 -0.63035 0.20502 0.67717 0.31947
0.41843 0.32844 0.20525 -0.63035 0.20502 0.67717 0.31947
0.41843 0.32844 0.20525 -0.63035 0.20502 0.67717 0.31947
0.41877 0.32769 0.20253 -0.63111 0.20426 0.67793 0.31684
0.41906 0.32823 0.20215 -0.63038 0.20367 0.67833 0.31781
0.41906 0.32823 0.20215 -0.63038 0.20367 0.67833 0.31781
0.41882 0.32676 0.19911 -0.63041 0.2041 0.679 0.31605
0.41882 0.32676 0.19911 -0.63041 0.2041 0.679 0.31605
0.41882 0.32676 0.19911 -0.63041 0.2041 0.679 0.31605
0.41956 0.32885 0.19458 -0.62975 0.20048 0.68066 0.3161
0.41957 0.32884 0.19361 -0.62901 0.20028 0.68103 0.31692
0.41957 0.32884 0.19361 -0.62901 0.20028 0.68103 0.31692
0.41957 0.32884 0.19361 -0.62901 0.20028 0.68103 0.31692
0.41957 0.32884 0.19361 -0.62901 0.20028 0.68103 0.31692
0.42051 0.3298 0.19043 -0.62784 0.19868 0.68183 0.31851
0.42091 0.33083 0.18976 -0.62783 0.19729 0.68186 0.31934
0.42156 0.33062 0.18865 -0.62816 0.19689 0.68203 0.31857
0.42156 0.33062 0.18865 -0.62816 0.19689 0.68203 0.31857
0.42209 0.32996 0.18662 -0.62755 0.19737 0.68202 0.31947
0.42265 0.33002 0.18457 -0.62748 0.19604 0.6824 0.31963
0.42265 0.33002 0.18457 -0.62748 0.19604 0.6824 0.31963
0.42193 0.32928 0.18314 -0.6262 0.1969 0.68283 0.32069
0.42193 0.32928 0.18314 -0.6262 0.1969 0.68283 0.32069
0.42193 0.32928 0.18314 -0.6262 0.1969 0.68283 0.32069
0.42534 0.32975 0.18013 -0.62576 0.19479 0.68257 0.32337
0.42534 0.32975 0.18013 -0.62576 0.19479 0.68257 0.32337
0.42367 0.32942 0.1783 -0.62415 0.19598 0.68345 0.32392
0.42367 0.32942 0.1783 -0.62415 0.19598 0.68345 0.32392
0.42367 0.32942 0.1783 -0.62415 0.19598 0.68345 0.32392
0.42531 0.32906 0.17443 -0.62406 0.19362 0.68419 0.32396
0.42531 0.32906 0.17443 -0.62406 0.19362 0.68419 0.32396
0.42622 0.32894 0.17424 -0.624 0.19345 0.68439 0.32376
0.42622 0.32894 0.17424 -0.624 0.19345 0.68439 0.32376
0.42564 0.32843 0.17187 -0.62318 0.19331 0.68505 0.32401
0.42565 0.32982 0.17143 -0.62276 0.19153 0.68586 0.32416
0.42581 0.32867 0.16928 -0.62221 0.19232 0.68603 0.3244
0.42581 0.32867 0.16928 -0.62221 0.19232 0.68603 0.3244
0.42581 0.32867 0.16928 -0.62221 0.19232 0.68603 0.3244
0.42552 0.32802 0.16756 -0.62162 0.19213 0.68676 0.32409
0.42718 0.32777 0.16655 -0.62159 0.19155 0.68655 0.32494
0.42702 0.32737 0.16561 -0.621 0.19203 0.68656 0.32576
0.42702 0.32737 0.16561 -0.621 0.19203 0.68656 0.32576
0.42702 0.32737 0.16561 -0.621 0.19203 0.68656 0.32576
0.42702 0.32737 0.16561 -0.621 0.19203 0.68656 0.32576
0.42803 0.3292 0.16376 -0.62039 0.18972 0.68711 0.32711
0.42785 0.3277 0.16289 -0.62021 0.19057 0.68708 0.32703
0.42785 0.3277 0.16289 -0.62021 0.19057 0.68708 0.32703
0.42785 0.3277 0.16289 -0.62021 0.19057 0.68708 0.32703
0.42792 0.32888 0.16228 -0.61959 0.18962 0.68771 0.32743
0.42764 0.32936 0.16175 -0.61948 0.18882 0.68807 0.32734
0.42792 0.32826 0.16097 -0.61908 0.18984 0.68778 0.3281
0.42792 0.32826 0.16097 -0.61908 0.18984 0.68778 0.3281
0.42792 0.32826 0.16097 -0.61908 0.18984 0.68778 0.3281
0.42777 0.32806 0.1605 -0.61941 0.18945 0.68814 0.32695
0.42707 0.3274 0.15951 -0.61907 0.18996 0.68857 0.32641
0.4277 0.32658 0.15971 -0.61937 0.19065 0.6879 0.32685
0.4277 0.32658 0.15971 -0.61937 0.19065 0.6879 0.32685
0.4277 0.32658 0.15971 -0.61937 0.19065 0.6879 0.32685
0.4272 0.32463 0.15874 -0.6187 0.1923 0.68796 0.32702
0.42714 0.32383 0.15837 -0.61894 0.19281 0.68793 0.32632
0.42714 0.32383 0.15837 -0.61894 0.19281 0.68793 0.32632
0.42664 0.32384 0.15812 -0.61851 0.1925 0.68831 0.32652
0.42664 0.32384 0.15812 -0.61851 0.1925 0.68831 0.32652
0.42664 0.32384 0.15812 -0.61851 0.1925 0.68831 0.32652
0.4278 0.32073 0.15763 -0.61858 0.19469 0.68739 0.32704
0.4278 0.32073 0.15763 -0.61858 0.19469 0.68739 0.32704
0.42816 0.31989 0.1573 -0.61847 0.19551 0.68728 0.32698
0.42816 0.31989 0.1573 -0.61847 0.19551 0.68728 0.32698
0.42801 0.31886 0.15691 -0.61823 0.19618 0.68727 0.32706
0.4287 0.31746 0.1569 -0.61793 0.19702 0.68698 0.32773
0.42914 0.3163 0.15683 -0.6179 0.19817 0.68641 0.32828
0.42914 0.3163 0.15683 -0.6179 0.19817 0.68641 0.32828
0.42914 0.3163 0.15683 -0.6179 0.19817 0.68641 0.32828
0.42914 0.3163 0.15683 -0.6179 0.19817 0.68641 0.32828
0.43104 0.31627 0.15731 -0.618 0.19787 0.68573 0.3297
0.43163 0.31488 0.15715 -0.61742 0.19908 0.68532 0.33091
0.43163 0.31488 0.15715 -0.61742 0.19908 0.68532 0.33091
0.43163 0.31488 0.15715 -0.61742 0.19908 0.68532 0.33091
0.43235 0.3131 0.15705 -0.61691 0.20067 0.68489 0.33179
0.4332 0.31326 0.15733 -0.61697 0.2002 0.68477 0.3322
0.43342 0.31121 0.15681 -0.61653 0.20208 0.68422 0.33303
0.43342 0.31121 0.15681 -0.61653 0.20208 0.68422 0.33303
0.43342 0.31121 0.15681 -0.61653 0.20208 0.68422 0.33303
0.43342 0.31121 0.15681 -0.61653 0.20208 0.68422 0.33303
0.43527 0.31068 0.15724 -0.61698 0.20217 0.68344 0.33373
0.43522 0.30923 0.15707 -0.61588 0.20365 0.68356 0.3346
0.43522 0.30923 0.15707 -0.61588 0.20365 0.68356 0.3346
0.43522 0.30923 0.15707 -0.61588 0.20365 0.68356 0.3346
0.4363 0.30976 0.15752 -0.61599 0.20307 0.68297 0.33596
0.43733 0.30776 0.15714 -0.61559 0.20447 0.68237 0.33706
0.43763 0.30831 0.15735 -0.61563 0.20419 0.68227 0.33738
0.43763 0.30831 0.15735 -0.61563 0.20419 0.68227 0.33738
0.43763 0.30831 0.15735 -0.61563 0.20419 0.68227 0.33738
0.43811 0.30706 0.15744 -0.61538 0.20495 0.68219 0.33753
0.43852 0.30523 0.15689 -0.61528 0.20647 0.68148 0.33821
0.43852 0.30523 0.15689 -0.61528 0.20647 0.68148 0.33821
0.43934 0.3046 0.15716 -0.61492 0.20731 0.68092 0.33949
0.43934 0.3046 0.15716 -0.61492 0.20731 0.68092 0.33949
0.44048 0.3039 0.15738 -0.6144 0.20743 0.68084 0.34052
0.44046 0.30416 0.15734 -0.61441 0.20773 0.68041 0.34117
0.44067 0.30197 0.15687 -0.61411 0.20926 0.6802 0.34119
0.44067 0.30197 0.15687 -0.61411 0.20926 0.6802 0.34119
0.44067 0.30197 0.15687 -0.61411 0.20926 0.6802 0.34119
0.44164 0.30116 0.15693 -0.6138 0.21006 0.67962 0.3424
0.44279 0.30129 0.15757 -0.61425 0.20917 0.67935 0.34267
0.4442 0.30095 0.15796 -0.61409 0.20954 0.67877 0.34389
0.4442 0.30095 0.15796 -0.61409 0.20954 0.67877 0.34389
0.4442 0.30095 0.15796 -0.61409 0.20954 0.67877 0.34389
0.44506 0.30072 0.15864 -0.61343 0.2101 0.67833 0.3456
0.44502 0.30102 0.15845 -0.61312 0.20981 0.67855 0.34588
0.44603 0.3009 0.15892 -0.61368 0.2099 0.67792 0.34607
0.4464 0.30101 0.15903 -0.61281 0.2101 0.67795 0.34742
0.4464 0.30101 0.15903 -0.61281 0.2101 0.67795 0.34742
0.44932 0.30081 0.16032 -0.61275 0.21023 0.67638 0.35051
0.45132 0.30193 0.16206 -0.61242 0.20894 0.67633 0.35195
0.45253 0.30267 0.16281 -0.61221 0.20896 0.67545 0.35399
0.45253 0.30267 0.16281 -0.61221 0.20896 0.67545 0.35399
0.45253 0.30267 0.16281 -0.61221 0.20896 0.67545 0.35399
0.4554 0.30288 0.16438 -0.61177 0.20865 0.67442 0.35687
0.45731 0.30378 0.16571 -0.61091 0.20841 0.6739 0.35946
0.45786 0.30432 0.16619 -0.61087 0.20815 0.67356 0.36032
0.45786 0.30432 0.16619 -0.61087 0.20815 0.67356 0.36032
0.45786 0.30432 0.16619 -0.61087 0.20815 0.67356 0.36032
0.46047 0.30516 0.16781 -0.60982 0.20789 0.67259 0.36404
0.46224 0.30551 0.16861 -0.61024 0.2069 0.67205 0.36491
0.46506 0.30669 0.17047 -0.61007 0.20613 0.67084 0.36784
0.46506 0.30669 0.17047 -0.61007 0.20613 0.67084 0.36784
0.46506 0.30669 0.17047 -0.61007 0.20613 0.67084 0.36784
0.46506 0.30669 0.17047 -0.61007 0.20613 0.67084 0.36784
0.46749 0.30716 0.17217 -0.60981 0.20569 0.67026 0.36956
0.46898 0.30751 0.17307 -0.60954 0.2055 0.66945 0.37158
0.46898 0.30751 0.17307 -0.60954 0.2055 0.66945 0.37158
0.46898 0.30751 0.17307 -0.60954 0.2055 0.66945 0.37158
0.47036 0.30816 0.17396 -0.60945 0.20485 0.66891 0.37305
0.47134 0.30987 0.17543 -0.60866 0.20385 0.66883 0.37504
0.47194 0.30981 0.17525 -0.60847 0.20408 0.66873 0.37539
0.47194 0.30981 0.17525 -0.60847 0.20408 0.66873 0.37539
0.47194 0.30981 0.17525 -0.60847 0.20408 0.66873 0.37539
0.47194 0.30981 0.17525 -0.60847 0.20408 0.66873 0.37539
0.4747 0.31252 0.17778 -0.60821 0.20246 0.6673 0.37922
0.47582 0.3123 0.17865 -0.60861 0.20232 0.6669 0.37935
0.47582 0.3123 0.17865 -0.60861 0.20232 0.6669 0.37935
0.47582 0.3123 0.17865 -0.60861 0.20232 0.6669 0.37935
0.47654 0.31197 0.17904 -0.60895 0.20199 0.66663 0.37946
0.47709 0.31476 0.17985 -0.60765 0.20054 0.66704 0.38157
0.47709 0.31476 0.17985 -0.60765 0.20054 0.66704 0.38157
0.47801 0.31473 0.18052 -0.60839 0.20027 0.66625 0.38192
0.47801 0.31473 0.18052 -0.60839 0.20027 0.66625 0.38192
0.47801 0.31473 0.18052 -0.60839 0.20027 0.66625 0.38192
0.48019 0.3189 0.18205 -0.60824 0.19707 0.66546 0.38519
0.48186 0.32067 0.18265 -0.60881 0.19532 0.66459 0.38668
0.48186 0.32067 0.18265 -0.60881 0.19532 0.66459 0.38668
0.48186 0.32067 0.18265 -0.60881 0.19532 0.66459 0.38668
0.48186 0.32067 0.18265 -0.60881 0.19532 0.66459 0.38668
0.48521 0.32659 0.18279 -0.61099 0.19069 0.66246 0.38921
0.48521 0.32659 0.18279 -0.61099 0.19069 0.66246 0.38921
0.48608 0.32618 0.18241 -0.61187 0.19072 0.66159 0.38927
0.48608 0.32618 0.18241 -0.61187 0.19072 0.66159 0.38927
0.48608 0.32618 0.18241 -0.61187 0.19072 0.66159 0.38927
0.49137 0.33224 0.18164 -0.61685 0.18517 0.65787 0.3904
0.49331 0.33332 0.18135 -0.61815 0.184 0.65637 0.39143
0.49331 0.33332 0.18135 -0.61815 0.184 0.65637 0.39143
0.49331 0.33332 0.18135 -0.61815 0.184 0.65637 0.39143
0.49505 0.33644 0.1803 -0.6199 0.18145 0.65528 0.39167
0.49796 0.33862 0.17965 -0.62335 0.17879 0.65311 0.39105
0.49869 0.34012 0.17886 -0.62394 0.17783 0.65245 0.39166
0.49869 0.34012 0.17886 -0.62394 0.17783 0.65245 0.39166
0.49869 0.34012 0.17886 -0.62394 0.17783 0.65245 0.39166
0.49869 0.34012 0.17886 -0.62394 0.17783 0.65245 0.39166
0.50329 0.34816 0.17785 -0.62875 0.17093 0.64967 0.39164
0.50329 0.34816 0.17785 -0.62875 0.17093 0.64967 0.39164
0.50366 0.34854 0.17724 -0.62922 0.17081 0.64919 0.39174
0.50366 0.34854 0.17724 -0.62922 0.17081 0.64919 0.39174
0.50366 0.34854 0.17724 -0.62922 0.17081 0.64919 0.39174
0.50704 0.3579 0.17757 -0.633 0.16258 0.64817 0.39084
0.50665 0.35966 0.17678 -0.63302 0.16127 0.64864 0.39057
0.50665 0.35966 0.17678 -0.63302 0.16127 0.64864 0.39057
0.50665 0.35966 0.17678 -0.63302 0.16127 0.64864 0.39057
0.50617 0.36225 0.17537 -0.6337 0.15897 0.64978 0.3885
0.50687 0.36666 0.17601 -0.63457 0.155 0.65036 0.38773
0.50687 0.36666 0.17601 -0.63457 0.155 0.65036 0.38773
0.50629 0.36822 0.17504 -0.63465 0.15391 0.65108 0.38681
0.50629 0.36822 0.17504 -0.63465 0.15391 0.65108 0.38681
0.5058 0.37292 0.17541 -0.63418 0.14995 0.65269 0.38643
0.50535 0.37399 0.17464 -0.63447 0.1488 0.65331 0.38535
0.50494 0.3771 0.17483 -0.63413 0.14643 0.65443 0.38492
0.50541 0.37785 0.17485 -0.63447 0.14589 0.65408 0.38515
0.50541 0.37785 0.17485 -0.63447 0.14589 0.65408 0.38515
0.50278 0.38208 0.17389 -0.63369 0.14254 0.65688 0.38292
0.50182 0.38499 0.17367 -0.63317 0.14032 0.6585 0.38181
0.50104 0.38587 0.17294 -0.63324 0.13896 0.65933 0.38076
0.50104 0.38587 0.17294 -0.63324 0.13896 0.65933 0.38076
0.50104 0.38587 0.17294 -0.63324 0.13896 0.65933 0.38076
0.50104 0.38587 0.17294 -0.63324 0.13896 0.65933 0.38076
0.50039 0.39023 0.173 -0.6333 0.13546 0.66068 0.37957
0.49996 0.39183 0.17306 -0.63286 0.13404 0.66128 0.37978
0.49937 0.39377 0.1728 -0.63267 0.13263 0.66211 0.37914
0.49937 0.39377 0.1728 -0.63267 0.13263 0.66211 0.37914
0.49812 0.39459 0.172 -0.63348 0.1315 0.66291 0.37678
0.49714 0.39665 0.17173 -0.6326 0.13004 0.66426 0.37638
0.49714 0.39665 0.17173 -0.6326 0.13004 0.66426 0.37638
0.49691 0.39843 0.17163 -0.63239 0.12849 0.66486 0.3762
0.49691 0.39843 0.17163 -0.63239 0.12849 0.66486 0.3762
0.49524 0.40055 0.17079 -0.63174 0.12725 0.66614 0.37545
0.49518 0.40108 0.17083 -0.63159 0.12668 0.66639 0.37547
0.4946 0.40379 0.17085 -0.63218 0.12416 0.66724 0.3738
0.4946 0.40379 0.17085 -0.63218 0.12416 0.66724 0.3738
0.4946 0.40379 0.17085 -0.63218 0.12416 0.66724 0.3738
0.4946 0.40379 0.17085 -0.63218 0.12416 0.66724 0.3738
0.49151 0.40773 0.16948 -0.63192 0.12052 0.67006 0.37036
0.49233 0.40995 0.17016 -0.63153 0.11872 0.67022 0.37133
0.49233 0.40995 0.17016 -0.63153 0.11872 0.67022 0.37133
0.49233 0.40995 0.17016 -0.63153 0.11872 0.67022 0.37133
0.49 0.41038 0.16861 -0.63137 0.11832 0.67179 0.36888
0.48969 0.41208 0.1683 -0.63136 0.11675 0.67225 0.36856
0.48765 0.41439 0.1674 -0.63114 0.11455 0.67392 0.36657
0.48765 0.41439 0.1674 -0.63114 0.11455 0.67392 0.36657
0.48765 0.41439 0.1674 -0.63114 0.11455 0.67392 0.36657
0.48654 0.41561 0.16624 -0.63115 0.11384 0.67468 0.36537
0.48561 0.41746 0.16638 -0.63106 0.11194 0.67574 0.36415
0.48553 0.41859 0.16673 -0.63099 0.11134 0.6757 0.36454
0.48469 0.4202 0.16689 -0.63063 0.10932 0.67682 0.36369
0.48469 0.4202 0.16689 -0.63063 0.10932 0.67682 0.36369
0.48469 0.4202 0.16689 -0.63063 0.10932 0.67682 0.36369
0.48124 0.42257 0.16515 -0.63057 0.10803 0.67856 0.36093
0.48023 0.42411 0.16516 -0.63012 0.10682 0.67961 0.36009
0.48023 0.42411 0.16516 -0.63012 0.10682 0.67961 0.36009
0.48023 0.42411 0.16516 -0.63012 0.10682 0.67961 0.36009
0.47859 0.42634 0.16472 -0.62962 0.10478 0.68076 0.3594
0.477 0.4281 0.1645 -0.62972 0.10369 0.68152 0.35809
0.47683 0.42794 0.16436 -0.62985 0.10383 0.68158 0.35771
0.47683 0.42794 0.16436 -0.62985 0.10383 0.68158 0.35771
0.47683 0.42794 0.16436 -0.62985 0.10383 0.68158 0.35771
0.475 0.42874 0.16382 -0.63017 0.10342 0.68214 0.35619
0.47415 0.42984 0.16374 -0.63017 0.10239 0.68268 0.35546
0.47278 0.43105 0.1636 -0.63023 0.10166 0.68319 0.35459
0.47278 0.43105 0.1636 -0.63023 0.10166 0.68319 0.35459
0.47278 0.43105 0.1636 -0.63023 0.10166 0.68319 0.35459
0.47028 0.43114 0.16277 -0.62976 0.1013 0.68482 0.35237
0.46755 0.43153 0.16217 -0.62821 0.10091 0.68715 0.3507
0.46689 0.43198 0.16226 -0.62771 0.10006 0.68819 0.34981
0.46689 0.43198 0.16226 -0.62771 0.10006 0.68819 0.34981
0.46689 0.43198 0.16226 -0.62771 0.10006 0.68819 0.34981
0.46356 0.43126 0.16127 -0.62621 0.099812 0.6909 0.3472
0.45842 0.43174 0.16 -0.62262 0.10013 0.69547 0.34444
0.45842 0.43174 0.16 -0.62262 0.10013 0.69547 0.34444
0.45637 0.43106 0.15965 -0.62184 0.099773 0.69757 0.3417
0.45637 0.43106 0.15965 -0.62184 0.099773 0.69757 0.3417
0.45192 0.43064 0.15847 -0.61894 0.099329 0.7019 0.3382
0.44961 0.43067 0.15834 -0.617 0.099331 0.70427 0.33684
0.44468 0.43109 0.15792 -0.6135 0.098182 0.70918 0.33324
0.44468 0.43109 0.15792 -0.6135 0.098182 0.70918 0.33324
0.44468 0.43109 0.15792 -0.6135 0.098182 0.70918 0.33324
0.44 0.43 0.15733 -0.60987 0.098591 0.71398 0.3295
0.43537 0.42885 0.15684 -0.60606 0.098246 0.71921 0.32523
0.43273 0.42931 0.15703 -0.60354 0.097993 0.72187 0.32411
0.43273 0.42931 0.15703 -0.60354 0.097993 0.72187 0.32411
0.43273 0.42931 0.15703 -0.60354 0.097993 0.72187 0.32411
0.42852 0.42892 0.15671 -0.5993 0.097649 0.72654 0.32163
0.42697 0.42871 0.15697 -0.59774 0.097392 0.72875 0.31961
0.42454 0.42898 0.15717 -0.59529 0.097093 0.73118 0.31872
0.42249 0.42843 0.15667 -0.59382 0.097009 0.73324 0.31674
0.42249 0.42843 0.15667 -0.59382 0.097009 0.73324 0.31674
0.41843 0.42922 0.15757 -0.58912 0.09616 0.7379 0.31496
0.41692 0.42853 0.15723 -0.58773 0.096219 0.73967 0.31337
0.41243 0.42877 0.15755 -0.58374 0.095486 0.74415 0.31042
0.41243 0.42877 0.15755 -0.58374 0.095486 0.74415 0.31042
0.41243 0.42877 0.15755 -0.58374 0.095486 0.74415 0.31042
0.41243 0.42877 0.15755 -0.58374 0.095486 0.74415 0.31042
0.40681 0.4273 0.15701 -0.57865 0.096047 0.74988 0.30596
0.40456 0.42608 0.15696 -0.57617 0.096232 0.75262 0.30384
0.40456 0.42608 0.15696 -0.57617 0.096232 0.75262 0.30384
0.40456 0.42608 0.15696 -0.57617 0.096232 0.75262 0.30384
0.39928 0.42431 0.15685 -0.5713 0.097145 0.7578 0.29987
0.39928 0.42431 0.15685 -0.5713 0.097145 0.7578 0.29987
0.3977 0.42443 0.15691 -0.56931 0.096634 0.75952 0.29947
0.39622 0.42379 0.15701 -0.56808 0.097426 0.76085 0.29816
0.39622 0.42379 0.15701 -0.56808 0.097426 0.76085 0.29816
0.39622 0.42379 0.15701 -0.56808 0.097426 0.76085 0.29816
0.38991 0.42168 0.15635 -0.56322 0.097944 0.76687 0.29172
0.3884 0.4199 0.15573 -0.56184 0.099005 0.76844 0.28987
0.3884 0.4199 0.15573 -0.56184 0.099005 0.76844 0.28987
0.3884 0.4199 0.15573 -0.56184 0.099005 0.76844 0.28987
0.3857 0.41874 0.15555 -0.55987 0.09948 0.7707 0.28752
0.38424 0.41748 0.155 -0.55882 0.10044 0.77203 0.28565
0.38333 0.41658 0.15493 -0.55777 0.10094 0.77304 0.28482
0.38209 0.41732 0.15562 -0.55653 0.10039 0.77433 0.28391
0.38209 0.41732 0.15562 -0.55653 0.10039 0.77433 0.28391
0.38209 0.41732 0.15562 -0.55653 0.10039 0.77433 0.28391
0.38019 0.41555 0.15505 -0.55502 0.10133 0.77619 0.28145
0.3779 0.41475 0.15522 -0.55324 0.1016 0.77835 0.27889
0.37662 0.41361 0.15488 -0.5522 0.10255 0.77951 0.27734
0.37542 0.4132 0.15479 -0.55147 0.10259 0.78037 0.27636
0.37542 0.4132 0.15479 -0.55147 0.10259 0.78037 0.27636
0.37332 0.41097 0.15448 -0.55012 0.10367 0.78247 0.27269
0.37211 0.4103 0.15429 -0.54891 0.10405 0.78363 0.27163
0.37068 0.4094 0.15395 -0.54755 0.10493 0.78479 0.27073
0.36947 0.40822 0.15394 -0.54675 0.10575 0.78582 0.269
0.36947 0.40822 0.15394 -0.54675 0.10575 0.78582 0.269
0.36679 0.40677 0.15361 -0.54485 0.10651 0.78806 0.26599
0.36579 0.40591 0.15346 -0.54432 0.10654 0.7893 0.26339
0.36334 0.40415 0.15285 -0.54265 0.10763 0.79111 0.26093
0.36334 0.40415 0.15285 -0.54265 0.10763 0.79111 0.26093
0.36334 0.40415 0.15285 -0.54265 0.10763 0.79111 0.26093
0.36171 0.40193 0.15246 -0.54135 0.10932 0.79256 0.25854
0.36091 0.39991 0.1521 -0.54143 0.11011 0.79346 0.25526
0.35954 0.39822 0.15145 -0.54047 0.1115 0.79441 0.2537
0.35954 0.39822 0.15145 -0.54047 0.1115 0.79441 0.2537
0.35954 0.39822 0.15145 -0.54047 0.1115 0.79441 0.2537
0.35857 0.39597 0.15079 -0.54041 0.1132 0.79479 0.2519
0.35724 0.39476 0.1502 -0.53957 0.11392 0.7959 0.24984
0.35681 0.39412 0.15032 -0.54026 0.1139 0.79627 0.24718
0.35681 0.39412 0.15032 -0.54026 0.1139 0.79627 0.24718
0.35681 0.39412 0.15032 -0.54026 0.1139 0.79627 0.24718
0.35669 0.3909 0.14973 -0.5397 0.11644 0.79675 0.24569
0.35635 0.38853 0.14902 -0.53972 0.11777 0.79727 0.24329
0.357 0.38625 0.14861 -0.54016 0.1196 0.79687 0.24273
0.357 0.38625 0.14861 -0.54016 0.1196 0.79687 0.24273
0.357 0.38625 0.14861 -0.54016 0.1196 0.79687 0.24273
0.357 0.38625 0.14861 -0.54016 0.1196 0.79687 0.24273
0.35665 0.38273 0.14809 -0.53975 0.12187 0.79788 0.23917
0.35678 0.38148 0.14809 -0.53943 0.12336 0.79774 0.2396
0.35674 0.37896 0.14716 -0.54024 0.12459 0.79774 0.23713
0.35674 0.37896 0.14716 -0.54024 0.12459 0.79774 0.23713
0.35762 0.37683 0.14739 -0.53978 0.1266 0.79792 0.2365
0.35775 0.377 0.14793 -0.54037 0.12574 0.79821 0.23463
0.35738 0.37466 0.14732 -0.53998 0.12757 0.79843 0.23378
0.35798 0.37367 0.14736 -0.53992 0.12861 0.79831 0.23377
0.35798 0.37367 0.14736 -0.53992 0.12861 0.79831 0.23377
0.35798 0.37367 0.14736 -0.53992 0.12861 0.79831 0.23377
0.35831 0.36803 0.14691 -0.53919 0.13251 0.79923 0.23012
0.3587 0.36702 0.14724 -0.5394 0.13314 0.79921 0.22931
0.3587 0.36702 0.14724 -0.5394 0.13314 0.79921 0.22931
0.3587 0.36702 0.14724 -0.5394 0.13314 0.79921 0.22931
0.3587 0.36702 0.14724 -0.5394 0.13314 0.79921 0.22931
0.36014 0.36065 0.14694 -0.53919 0.13712 0.79975 0.22555
0.36014 0.36065 0.14694 -0.53919 0.13712 0.79975 0.22555
0.36041 0.3589 0.14682 -0.53955 0.13825 0.79971 0.22415
0.36041 0.3589 0.14682 -0.53955 0.13825 0.79971 0.22415
0.361 0.35555 0.14675 -0.53914 0.14081 0.79991 0.2228
0.36239 0.353 0.14707 -0.53939 0.14257 0.79981 0.22147
0.36239 0.353 0.14707 -0.53939 0.14257 0.79981 0.22147
0.36121 0.35022 0.14625 -0.53835 0.14456 0.8007 0.21946
0.36121 0.35022 0.14625 -0.53835 0.14456 0.8007 0.21946
0.36155 0.34691 0.14622 -0.53772 0.14665 0.80124 0.21765
0.3622 0.34532 0.14616 -0.53823 0.14845 0.80072 0.21704
0.36245 0.34289 0.14617 -0.53803 0.14922 0.80121 0.21521
0.36239 0.34202 0.14596 -0.53846 0.15012 0.80113 0.2138
0.36239 0.34202 0.14596 -0.53846 0.15012 0.80113 0.2138
0.36236 0.33779 0.1457 -0.53726 0.15345 0.80167 0.21243
0.36293 0.33426 0.14608 -0.53757 0.15511 0.80225 0.20821
0.36217 0.3331 0.14602 -0.5371 0.15629 0.80274 0.20665
0.36217 0.3331 0.14602 -0.5371 0.15629 0.80274 0.20665
0.36217 0.3331 0.14602 -0.5371 0.15629 0.80274 0.20665
0.36206 0.32982 0.14566 -0.53649 0.15844 0.80325 0.20462
0.36249 0.3277 0.14561 -0.53677 0.15978 0.80303 0.2037
0.36261 0.32644 0.14602 -0.53647 0.16102 0.8033 0.20246
0.36193 0.32482 0.14558 -0.53628 0.16175 0.80382 0.2003
0.36193 0.32482 0.14558 -0.53628 0.16175 0.80382 0.2003
0.36234 0.32188 0.14593 -0.53628 0.16372 0.80404 0.19778
0.36202 0.3188 0.14573 -0.53598 0.16494 0.80492 0.19395
0.36202 0.3188 0.14573 -0.53598 0.16494 0.80492 0.19395
0.36164 0.31763 0.14599 -0.53548 0.16629 0.80516 0.19323
0.36164 0.31763 0.14599 -0.53548 0.16629 0.80516 0.19323
0.36235 0.31453 0.14622 -0.53593 0.16845 0.80504 0.19057
0.36221 0.31234 0.14572 -0.53587 0.16945 0.80525 0.18893
0.36174 0.3104 0.14612 -0.53551 0.17046 0.80598 0.18595
0.36174 0.3104 0.14612 -0.53551 0.17046 0.80598 0.18595
0.36174 0.3104 0.14612 -0.53551 0.17046 0.80598 0.18595
0.36174 0.3104 0.14612 -0.53551 0.17046 0.80598 0.18595
0.36174 0.30762 0.14634 -0.53514 0.17235 0.8064 0.18344
0.36168 0.30496 0.14628 -0.53513 0.17422 0.80648 0.18131
0.36168 0.30496 0.14628 -0.53513 0.17422 0.80648 0.18131
0.36168 0.30496 0.14628 -0.53513 0.17422 0.80648 0.18131
0.36168 0.30496 0.14628 -0.53513 0.17422 0.80648 0.18131
0.36149 0.3011 0.14632 -0.53419 0.177 0.8071 0.17863
0.36159 0.29966 0.1464 -0.5342 0.1784 0.80693 0.17795
0.36159 0.29966 0.1464 -0.5342 0.1784 0.80693 0.17795
0.36159 0.29966 0.1464 -0.5342 0.1784 0.80693 0.17795
0.36134 0.29749 0.14615 -0.53389 0.17913 0.8075 0.17554
0.36178 0.29615 0.14626 -0.53345 0.18057 0.80732 0.17625
0.36282 0.29392 0.14632 -0.53395 0.18176 0.807 0.17495
0.36282 0.29392 0.14632 -0.53395 0.18176 0.807 0.17495
0.36282 0.29392 0.14632 -0.53395 0.18176 0.807 0.17495
0.36386 0.29477 0.14706 -0.53359 0.18125 0.80704 0.17641
0.36403 0.29194 0.14646 -0.53329 0.18316 0.8069 0.17596
0.3642 0.29054 0.14618 -0.53293 0.1843 0.80673 0.17665
0.3642 0.29054 0.14618 -0.53293 0.1843 0.80673 0.17665
0.3642 0.29054 0.14618 -0.53293 0.1843 0.80673 0.17665
0.36557 0.28997 0.1467 -0.53351 0.18482 0.80614 0.17707
0.36556 0.28867 0.14574 -0.53355 0.18561 0.80579 0.17768
0.36556 0.28867 0.14574 -0.53355 0.18561 0.80579 0.17768
0.36738 0.28917 0.14576 -0.53448 0.18513 0.80495 0.17921
0.36738 0.28917 0.14576 -0.53448 0.18513 0.80495 0.17921
0.36984 0.28668 0.1454 -0.53691 0.18669 0.80295 0.17929
0.37307 0.28554 0.14508 -0.53944 0.18726 0.80089 0.18032
0.37377 0.28485 0.14485 -0.54059 0.18773 0.79998 0.18042
0.37377 0.28485 0.14485 -0.54059 0.18773 0.79998 0.18042
0.37377 0.28485 0.14485 -0.54059 0.18773 0.79998 0.18042
0.37497 0.28265 0.14332 -0.54269 0.18936 0.7982 0.18031
0.37716 0.28253 0.14338 -0.5442 0.18967 0.79679 0.18164
0.37947 0.2808 0.14226 -0.5475 0.1904 0.7944 0.18146
0.37947 0.2808 0.14226 -0.5475 0.1904 0.7944 0.18146
0.37947 0.2808 0.14226 -0.5475 0.1904 0.7944 0.18146
0.38326 0.27965 0.14153 -0.55164 0.19124 0.79115 0.1822
0.38561 0.27763 0.14038 -0.55552 0.19245 0.78817 0.18207
0.3879 0.27718 0.14012 -0.55818 0.19223 0.78641 0.18176
0.3879 0.27718 0.14012 -0.55818 0.19223 0.78641 0.18176
0.3879 0.27718 0.14012 -0.55818 0.19223 0.78641 0.18176
0.39101 0.27535 0.13902 -0.56202 0.19346 0.78318 0.18258
0.39494 0.27651 0.13899 -0.56633 0.19256 0.78005 0.18359
0.39708 0.27442 0.13897 -0.56878 0.1938 0.77811 0.18294
0.39708 0.27442 0.13897 -0.56878 0.1938 0.77811 0.18294
0.39708 0.27442 0.13897 -0.56878 0.1938 0.77811 0.18294
0.40016 0.27567 0.13884 -0.57234 0.1929 0.77538 0.18441
0.40235 0.27563 0.13938 -0.57458 0.19267 0.77377 0.18446
0.40443 0.27671 0.13963 -0.57641 0.19178 0.77244 0.18525
0.40619 0.27758 0.13981 -0.57849 0.1909 0.77112 0.18519
0.40619 0.27758 0.13981 -0.57849 0.1909 0.77112 0.18519
0.41034 0.27692 0.14019 -0.58222 0.19141 0.76782 0.18666
0.41314 0.27867 0.14085 -0.58536 0.19009 0.76561 0.18727
0.41555 0.2785 0.14128 -0.58768 0.18986 0.76376 0.18777
0.41555 0.2785 0.14128 -0.58768 0.18986 0.76376 0.18777
0.41555 0.2785 0.14128 -0.58768 0.18986 0.76376 0.18777
0.41883 0.28083 0.14217 -0.59001 0.18856 0.7617 0.19009
0.42261 0.28283 0.14339 -0.59432 0.18626 0.759 0.18978
0.42383 0.28232 0.14332 -0.59567 0.1867 0.7577 0.19031
0.42383 0.28232 0.14332 -0.59567 0.1867 0.7577 0.19031
0.42383 0.28232 0.14332 -0.59567 0.1867 0.7577 0.19031
0.42765 0.2837 0.14437 -0.59929 0.1857 0.75493 0.1909
0.43038 0.28483 0.14496 -0.60227 0.1845 0.75274 0.19133
0.43038 0.28483 0.14496 -0.60227 0.1845 0.75274 0.19133
0.43151 0.28604 0.14566 -0.60294 0.18381 0.75214 0.19228
0.43151 0.28604 0.14566 -0.60294 0.18381 0.75214 0.19228
0.43151 0.28604 0.14566 -0.60294 0.18381 0.75214 0.19228
0.43757 0.2886 0.14742 -0.60889 0.18175 0.74738 0.19403
0.43939 0.28888 0.14789 -0.61037 0.18185 0.74593 0.19486
0.43939 0.28888 0.14789 -0.61037 0.18185 0.74593 0.19486
0.43939 0.28888 0.14789 -0.61037 0.18185 0.74593 0.19486
0.44129 0.28869 0.14806 -0.61282 0.18177 0.74403 0.19452
0.44474 0.29065 0.14912 -0.61615 0.17969 0.74159 0.19522
0.44647 0.29098 0.14944 -0.61794 0.17933 0.74003 0.19579
0.44647 0.29098 0.14944 -0.61794 0.17933 0.74003 0.19579
0.44647 0.29098 0.14944 -0.61794 0.17933 0.74003 0.19579
0.44934 0.29199 0.14997 -0.62063 0.17884 0.73754 0.19712
0.45197 0.2916 0.15041 -0.62361 0.17921 0.73493 0.19718
0.45197 0.2916 0.15041 -0.62361 0.17921 0.73493 0.19718
0.4533 0.29224 0.15073 -0.62565 0.17812 0.73365 0.19645
0.4533 0.29224 0.15073 -0.62565 0.17812 0.73365 0.19645
0.4533 0.29224 0.15073 -0.62565 0.17812 0.73365 0.19645
0.45871 0.29364 0.15204 -0.6309 0.17761 0.72875 0.19834
0.46098 0.2952 0.15323 -0.63219 0.17647 0.7275 0.19986
0.46098 0.2952 0.15323 -0.63219 0.17647 0.7275 0.19986
0.46098 0.2952 0.15323 -0.63219 0.17647 0.7275 0.19986
0.46345 0.29693 0.15389 -0.63458 0.17465 0.7257 0.2004
0.46345 0.29693 0.15389 -0.63458 0.17465 0.7257 0.2004
0.46514 0.29789 0.15486 -0.63678 0.17406 0.72392 0.20041
0.46514 0.29789 0.15486 -0.63678 0.17406 0.72392 0.20041
0.46514 0.29789 0.15486 -0.63678 0.17406 0.72392 0.20041
0.46514 0.29789 0.15486 -0.63678 0.17406 0.72392 0.20041
0.46648 0.30265 0.157 -0.63851 0.1711 0.72296 0.20091
0.46648 0.30265 0.157 -0.63851 0.1711 0.72296 0.20091
0.46542 0.30368 0.15685 -0.63846 0.17028 0.72346 0.19995
0.46542 0.30368 0.15685 -0.63846 0.17028 0.72346 0.19995
0.4663 0.30602 0.15794 -0.63942 0.16864 0.72293 0.20018
0.46591 0.3067 0.15806 -0.63937 0.16794 0.72327 0.1997
0.46589 0.30984 0.15898 -0.64004 0.16555 0.72328 0.1995
0.46589 0.30984 0.15898 -0.64004 0.16555 0.72328 0.1995
0.46589 0.30984 0.15898 -0.64004 0.16555 0.72328 0.1995
0.46589 0.30984 0.15898 -0.64004 0.16555 0.72328 0.1995
0.46561 0.31239 0.16017 -0.64014 0.16417 0.72342 0.19984
0.46515 0.31416 0.1607 -0.6407 0.16301 0.72346 0.19884
0.46515 0.31416 0.1607 -0.6407 0.16301 0.72346 0.19884
0.46515 0.31416 0.1607 -0.6407 0.16301 0.72346 0.19884
0.46525 0.31715 0.16178 -0.64194 0.16031 0.7234 0.19725
0.46516 0.31934 0.16252 -0.64266 0.15878 0.72311 0.19722
0.46506 0.32026 0.16273 -0.64212 0.15879 0.72333 0.19813
0.46506 0.32026 0.16273 -0.64212 0.15879 0.72333 0.19813
0.46506 0.32026 0.16273 -0.64212 0.15879 0.72333 0.19813
0.46348 0.32284 0.16296 -0.64207 0.1569 0.72405 0.1972
0.46322 0.32238 0.16296 -0.64298 0.15686 0.72371 0.19547
0.46251 0.32531 0.1636 -0.64288 0.15442 0.72449 0.19489
0.46251 0.32531 0.1636 -0.64288 0.15442 0.72449 0.19489
0.46251 0.32531 0.1636 -0.64288 0.15442 0.72449 0.19489
0.46251 0.32531 0.1636 -0.64288 0.15442 0.72449 0.19489
0.46156 0.33048 0.16489 -0.64438 0.15091 0.72425 0.19355
0.45996 0.3304 0.16414 -0.64316 0.15168 0.72512 0.19375
0.45996 0.3304 0.16414 -0.64316 0.15168 0.72512 0.19375
0.45996 0.3304 0.16414 -0.64316 0.15168 0.72512 0.19375
0.45996 0.3304 0.16414 -0.64316 0.15168 0.72512 0.19375
0.45917 0.33195 0.16449 -0.6443 0.1502 0.72502 0.19148
0.4574 0.33407 0.16455 -0.64398 0.14821 0.72612 0.18993
0.4574 0.33407 0.16455 -0.64398 0.14821 0.72612 0.18993
0.4574 0.33407 0.16455 -0.64398 0.14821 0.72612 0.18993
0.45586 0.33687 0.1648 -0.64497 0.14592 0.72631 0.1876
0.45473 0.33721 0.16419 -0.64462 0.14558 0.72679 0.18719
0.4547 0.33803 0.16454 -0.64557 0.14499 0.72643 0.18577
0.4547 0.33803 0.16454 -0.64557 0.14499 0.72643 0.18577
0.4547 0.33803 0.16454 -0.64557 0.14499 0.72643 0.18577
0.4547 0.33803 0.16454 -0.64557 0.14499 0.72643 0.18577
0.45215 0.34067 0.16459 -0.64542 0.14311 0.72751 0.18352
0.45131 0.34136 0.16447 -0.64595 0.14244 0.72752 0.18213
0.45131 0.34136 0.16447 -0.64595 0.14244 0.72752 0.18213
0.45131 0.34136 0.16447 -0.64595 0.14244 0.72752 0.18213
0.45131 0.34136 0.16447 -0.64595 0.14244 0.72752 0.18213
0.44891 0.34316 0.16384 -0.64568 0.14159 0.72815 0.18121
0.44797 0.34626 0.16463 -0.64573 0.13914 0.72878 0.18041
0.44797 0.34626 0.16463 -0.64573 0.13914 0.72878 0.18041
0.44797 0.34626 0.16463 -0.64573 0.13914 0.72878 0.18041
0.4469 0.34736 0.16486 -0.64651 0.1383 0.72869 0.17863
0.44599 0.34668 0.16394 -0.64583 0.13895 0.72917 0.17864
0.4451 0.34684 0.16373 -0.64592 0.13866 0.72949 0.17725
0.4451 0.34684 0.16373 -0.64592 0.13866 0.72949 0.17725
0.4451 0.34684 0.16373 -0.64592 0.13866 0.72949 0.17725
0.44497 0.34754 0.16398 -0.6471 0.13754 0.72907 0.17549
0.44474 0.3489 0.16421 -0.64697 0.13677 0.72924 0.17587
0.44474 0.3489 0.16421 -0.64697 0.13677 0.72924 0.17587
0.44525 0.34842 0.16434 -0.64748 0.13654 0.72901 0.1751
0.44525 0.34842 0.16434 -0.64748 0.13654 0.72901 0.1751
0.44451 0.34904 0.16443 -0.64735 0.13652 0.7291 0.17524
0.44369 0.35041 0.16453 -0.64663 0.13557 0.72981 0.17568
0.44401 0.35042 0.16443 -0.64711 0.13544 0.72951 0.17529
0.44401 0.35042 0.16443 -0.64711 0.13544 0.72951 0.17529
0.44401 0.35042 0.16443 -0.64711 0.13544 0.72951 0.17529
0.44401 0.35042 0.16443 -0.64711 0.13544 0.72951 0.17529
0.44352 0.35051 0.1644 -0.64695 0.13522 0.72986 0.17457
0.44292 0.35056 0.16414 -0.64722 0.13524 0.72978 0.17387
0.44372 0.35083 0.16441 -0.64713 0.13519 0.72962 0.17492
0.44372 0.35083 0.16441 -0.64713 0.13519 0.72962 0.17492
0.44382 0.35035 0.16439 -0.64757 0.13531 0.72944 0.17393
0.4434 0.35045 0.16421 -0.6471 0.13535 0.72977 0.17428
0.44391 0.35208 0.16476 -0.64739 0.13405 0.72959 0.17498
0.44391 0.35208 0.16476 -0.64739 0.13405 0.72959 0.17498
0.44391 0.35208 0.16476 -0.64739 0.13405 0.72959 0.17498
0.44341 0.35131 0.16464 -0.64722 0.13486 0.72975 0.1743
0.44341 0.35131 0.16464 -0.64722 0.13486 0.72975 0.1743
0.4426 0.35017 0.16416 -0.64633 0.13631 0.7301 0.17501
0.4426 0.35017 0.16416 -0.64633 0.13631 0.7301 0.17501
0.4426 0.35017 0.16416 -0.64633 0.13631 0.7301 0.17501
0.4426 0.35017 0.16416 -0.64633 0.13631 0.7301 0.17501
0.44131 0.35137 0.16433 -0.6443 0.13537 0.73192 0.17561
0.44107 0.3529 0.16559 -0.64329 0.13426 0.73288 0.1762
0.44107 0.3529 0.16559 -0.64329 0.13426 0.73288 0.1762
0.44107 0.3529 0.16559 -0.64329 0.13426 0.73288 0.1762
0.44107 0.3529 0.16559 -0.64329 0.13426 0.73288 0.1762
0.43748 0.35318 0.16533 -0.63978 0.13418 0.73616 0.17534
0.43668 0.35429 0.16667 -0.63716 0.13332 0.73828 0.17662
0.43668 0.35429 0.16667 -0.63716 0.13332 0.73828 0.17662
0.43668 0.35429 0.16667 -0.63716 0.13332 0.73828 0.17662
0.43668 0.35429 0.16667 -0.63716 0.13332 0.73828 0.17662
0.43391 0.35742 0.17019 -0.63192 0.13242 0.74229 0.1793
0.43328 0.35756 0.17101 -0.63101 0.13251 0.7429 0.1799
0.43328 0.35756 0.17101 -0.63101 0.13251 0.7429 0.1799
0.43328 0.35756 0.17101 -0.63101 0.13251 0.7429 0.1799
0.4315 0.35808 0.17456 -0.62716 0.13363 0.74526 0.18275
0.43146 0.35869 0.17615 -0.62625 0.13371 0.74574 0.18384
0.4312 0.35844 0.17726 -0.62509 0.13484 0.74613 0.1854
0.4312 0.35844 0.17726 -0.62509 0.13484 0.74613 0.1854
0.4312 0.35844 0.17726 -0.62509 0.13484 0.74613 0.1854
0.4312 0.35844 0.17726 -0.62509 0.13484 0.74613 0.1854
0.42951 0.35548 0.18091 -0.62164 0.13885 0.74771 0.18765
0.43096 0.35213 0.18432 -0.62079 0.14277 0.74705 0.19015
0.43096 0.35213 0.18432 -0.62079 0.14277 0.74705 0.19015
0.43096 0.35213 0.18432 -0.62079 0.14277 0.74705 0.19015
0.43104 0.35007 0.18762 -0.6191 0.1458 0.74737 0.19211
0.43156 0.34732 0.19061 -0.61804 0.14904 0.74723 0.19354
0.43098 0.34699 0.19195 -0.6173 0.14963 0.74762 0.19393
0.43098 0.34699 0.19195 -0.6173 0.14963 0.74762 0.19393
0.43098 0.34699 0.19195 -0.6173 0.14963 0.74762 0.19393
0.4318 0.34616 0.19609 -0.61615 0.15157 0.74751 0.19649
0.43203 0.34576 0.19803 -0.61583 0.15287 0.74719 0.19772
0.4326 0.34426 0.20124 -0.61555 0.1547 0.74691 0.19823
0.4326 0.34426 0.20124 -0.61555 0.1547 0.74691 0.19823
0.4326 0.34426 0.20124 -0.61555 0.1547 0.74691 0.19823
0.4326 0.34426 0.20124 -0.61555 0.1547 0.74691 0.19823
0.43488 0.34329 0.20947 -0.6151 0.15774 0.74573 0.20164
0.43488 0.34329 0.20947 -0.6151 0.15774 0.74573 0.20164
0.43481 0.34275 0.21092 -0.61493 0.15874 0.74546 0.20234
0.43481 0.34275 0.21092 -0.61493 0.15874 0.74546 0.20234
0.43481 0.34275 0.21092 -0.61493 0.15874 0.74546 0.20234
0.43696 0.34148 0.21887 -0.61645 0.16084 0.74381 0.20217
0.43684 0.34133 0.22021 -0.6163 0.16175 0.74357 0.20277
0.43684 0.34133 0.22021 -0.6163 0.16175 0.74357 0.20277
0.43684 0.34133 0.22021 -0.6163 0.16175 0.74357 0.20277
0.43684 0.34133 0.22021 -0.6163 0.16175 0.74357 0.20277
0.43923 0.33987 0.22666 -0.6178 0.16369 0.74187 0.20289
0.43985 0.34061 0.23096 -0.61867 0.16387 0.74116 0.20268
0.43985 0.34061 0.23096 -0.61867 0.16387 0.74116 0.20268
0.43985 0.34061 0.23096 -0.61867 0.16387 0.74116 0.20268
0.43985 0.34061 0.23096 -0.61867 0.16387 0.74116 0.20268
0.44099 0.33918 0.23671 -0.61892 0.16564 0.74074 0.202
0.44206 0.33907 0.24112 -0.61977 0.16635 0.73989 0.20195
0.44206 0.33907 0.24112 -0.61977 0.16635 0.73989 0.20195
0.44206 0.33907 0.24112 -0.61977 0.16635 0.73989 0.20195
0.44218 0.33967 0.24524 -0.61968 0.16632 0.74 0.20183
0.443 0.33845 0.2468 -0.62029 0.1675 0.73938 0.20123
0.44323 0.33859 0.25139 -0.6203 0.16783 0.73935 0.20106
0.44323 0.33859 0.25139 -0.6203 0.16783 0.73935 0.20106
0.44323 0.33859 0.25139 -0.6203 0.16783 0.73935 0.20106
0.44402 0.33884 0.25561 -0.62123 0.16762 0.73883 0.20029
0.44491 0.33821 0.25743 -0.62161 0.16828 0.73833 0.20037
0.44584 0.33771 0.26181 -0.62247 0.16907 0.73756 0.19989
0.44584 0.33771 0.26181 -0.62247 0.16907 0.73756 0.19989
0.44584 0.33771 0.26181 -0.62247 0.16907 0.73756 0.19989
0.44584 0.33771 0.26181 -0.62247 0.16907 0.73756 0.19989
0.44608 0.33824 0.26828 -0.6229 0.16874 0.73771 0.19827
0.44569 0.33814 0.27194 -0.6222 0.16926 0.73837 0.19756
0.44569 0.33814 0.27194 -0.6222 0.16926 0.73837 0.19756
0.44569 0.33814 0.27194 -0.6222 0.16926 0.73837 0.19756
0.44569 0.33814 0.27194 -0.6222 0.16926 0.73837 0.19756
0.4458 0.33839 0.27877 -0.62222 0.16912 0.73881 0.19597
0.44457 0.3382 0.28287 -0.62136 0.16921 0.74007 0.19385
0.44457 0.3382 0.28287 -0.62136 0.16921 0.74007 0.19385
0.44457 0.3382 0.28287 -0.62136 0.16921 0.74007 0.19385
0.44304 0.33884 0.28961 -0.62037 0.16927 0.74141 0.19182
0.44213 0.34073 0.29229 -0.61978 0.16756 0.74244 0.19127
0.44127 0.3398 0.29379 -0.61925 0.16764 0.74332 0.18949
0.44127 0.3398 0.29379 -0.61925 0.16764 0.74332 0.18949
0.44127 0.3398 0.29379 -0.61925 0.16764 0.74332 0.18949
0.43911 0.34098 0.29801 -0.61772 0.16757 0.74491 0.1883
0.43837 0.34021 0.30227 -0.61676 0.16819 0.74594 0.18678
0.43837 0.34021 0.30227 -0.61676 0.16819 0.74594 0.18678
0.43825 0.3396 0.3047 -0.61686 0.16851 0.74592 0.18625
0.43825 0.3396 0.3047 -0.61686 0.16851 0.74592 0.18625
0.43672 0.33939 0.30876 -0.61566 0.16885 0.7473 0.18437
0.43554 0.33908 0.31285 -0.61493 0.16881 0.7483 0.18279
0.43554 0.33908 0.31285 -0.61493 0.16881 0.7483 0.18279
0.43562 0.33961 0.31535 -0.61529 0.16788 0.74843 0.18188
0.43562 0.33961 0.31535 -0.61529 0.16788 0.74843 0.18188
0.43465 0.33873 0.31884 -0.61482 0.16857 0.74909 0.18012
0.43462 0.33942 0.32164 -0.61494 0.16816 0.74918 0.17975
0.43473 0.33959 0.32377 -0.61548 0.1675 0.74902 0.17916
0.43517 0.33907 0.32597 -0.61564 0.16814 0.7488 0.17892
0.43517 0.33907 0.32597 -0.61564 0.16814 0.7488 0.17892
0.43517 0.33907 0.32597 -0.61564 0.16814 0.7488 0.17892
0.4341 0.33931 0.3339 -0.61653 0.16695 0.74918 0.17535
0.43417 0.33963 0.33603 -0.61663 0.16636 0.74934 0.17486
0.43417 0.33963 0.33603 -0.61663 0.16636 0.74934 0.17486
0.43417 0.33963 0.33603 -0.61663 0.16636 0.74934 0.17486
0.43333 0.34065 0.34234 -0.61667 0.16485 0.75003 0.17323
0.43356 0.34065 0.34439 -0.61709 0.16418 0.75003 0.17236
0.43487 0.33988 0.34681 -0.61778 0.16468 0.7492 0.17303
0.43487 0.33988 0.34681 -0.61778 0.16468 0.7492 0.17303
0.43487 0.33988 0.34681 -0.61778 0.16468 0.7492 0.17303
0.43487 0.33988 0.34681 -0.61778 0.16468 0.7492 0.17303
0.43426 0.34174 0.3549 -0.61854 0.16201 0.74956 0.17122
0.43426 0.34174 0.3549 -0.61854 0.16201 0.74956 0.17122
0.43526 0.34227 0.35766 -0.61906 0.16093 0.74937 0.1712
0.43526 0.34227 0.35766 -0.61906 0.16093 0.74937 0.1712
0.43695 0.34194 0.36447 -0.62134 0.15954 0.74829 0.16896
0.43817 0.34213 0.36708 -0.62297 0.15885 0.74724 0.16824
0.43789 0.34237 0.36908 -0.62323 0.15844 0.74724 0.1677
0.43789 0.34237 0.36908 -0.62323 0.15844 0.74724 0.1677
0.43789 0.34237 0.36908 -0.62323 0.15844 0.74724 0.1677
0.44151 0.3412 0.3745 -0.62643 0.15778 0.74487 0.16693
0.44334 0.34077 0.37975 -0.6284 0.15728 0.74338 0.16664
0.44439 0.34043 0.38212 -0.62957 0.1569 0.74256 0.16623
0.44439 0.34043 0.38212 -0.62957 0.1569 0.74256 0.16623
0.44439 0.34043 0.38212 -0.62957 0.1569 0.74256 0.16623
0.44656 0.34063 0.38721 -0.63242 0.15562 0.74068 0.16499
0.44931 0.34021 0.39226 -0.63584 0.15452 0.73818 0.16408
0.44924 0.34059 0.39443 -0.63618 0.15427 0.73789 0.16427
0.44924 0.34059 0.39443 -0.63618 0.15427 0.73789 0.16427
0.44924 0.34059 0.39443 -0.63618 0.15427 0.73789 0.16427
0.45127 0.34034 0.39907 -0.63888 0.15335 0.73605 0.1629
0.45166 0.33951 0.4026 -0.64002 0.15313 0.73541 0.16155
0.45235 0.33807 0.40472 -0.64091 0.1534 0.73474 0.16077
0.45235 0.33807 0.40472 -0.64091 0.1534 0.73474 0.16077
0.45235 0.33807 0.40472 -0.64091 0.1534 0.73474 0.16077
0.45065 0.33837 0.40843 -0.64146 0.15265 0.73502 0.15802
0.4506 0.33808 0.4098 -0.64216 0.15287 0.73455 0.15718
0.4502 0.3379 0.41111 -0.6424 0.15273 0.73447 0.15671
0.4502 0.3379 0.41111 -0.6424 0.15273 0.73447 0.15671
0.4502 0.3379 0.41111 -0.6424 0.15273 0.73447 0.15671
0.4502 0.3379 0.41111 -0.6424 0.15273 0.73447 0.15671
0.44639 0.33555 0.41323 -0.6421 0.15477 0.73535 0.15171
0.44506 0.33577 0.41391 -0.6416 0.1546 0.73594 0.15111
0.44508 0.3349 0.41416 -0.64197 0.15507 0.73577 0.14988
0.44508 0.3349 0.41416 -0.64197 0.15507 0.73577 0.14988
0.44508 0.3349 0.41416 -0.64197 0.15507 0.73577 0.14988
0.44508 0.3349 0.41416 -0.64197 0.15507 0.73577 0.14988
0.44161 0.33358 0.41488 -0.64094 0.15634 0.73697 0.14708
0.43959 0.33243 0.41489 -0.63995 0.15779 0.73772 0.14608
0.43959 0.33243 0.41489 -0.63995 0.15779 0.73772 0.14608
0.43959 0.33243 0.41489 -0.63995 0.15779 0.73772 0.14608
0.43801 0.33149 0.41519 -0.64075 0.1588 0.73736 0.14327
0.43636 0.3316 0.41484 -0.63973 0.15836 0.73853 0.14227
0.43569 0.33136 0.41479 -0.63976 0.15894 0.73844 0.14198
0.43569 0.33136 0.41479 -0.63976 0.15894 0.73844 0.14198
0.43569 0.33136 0.41479 -0.63976 0.15894 0.73844 0.14198
0.43458 0.33098 0.4153 -0.63942 0.1597 0.73862 0.14172
0.43399 0.33067 0.41513 -0.63978 0.16001 0.73836 0.1411
0.43227 0.33183 0.41447 -0.63877 0.15916 0.7395 0.14063
0.43227 0.33183 0.41447 -0.63877 0.15916 0.7395 0.14063
0.43227 0.33183 0.41447 -0.63877 0.15916 0.7395 0.14063
0.43227 0.33183 0.41447 -0.63877 0.15916 0.7395 0.14063
0.43019 0.33227 0.41502 -0.63863 0.15946 0.73964 0.14019
0.43019 0.33227 0.41502 -0.63863 0.15946 0.73964 0.14019
0.42955 0.3322 0.4146 -0.63856 0.15968 0.7398 0.13945
0.42955 0.3322 0.4146 -0.63856 0.15968 0.7398 0.13945
0.42844 0.33228 0.41476 -0.63813 0.16004 0.74005 0.13963
0.42667 0.33319 0.41459 -0.63807 0.15936 0.74056 0.13798
0.42702 0.33381 0.41572 -0.63909 0.15887 0.73971 0.13839
0.42702 0.33381 0.41572 -0.63909 0.15887 0.73971 0.13839
0.42702 0.33381 0.41572 -0.63909 0.15887 0.73971 0.13839
0.42553 0.33371 0.41473 -0.63844 0.15948 0.74028 0.13763
0.425 0.33402 0.41482 -0.63844 0.15916 0.7404 0.13733
0.4247 0.33418 0.41483 -0.63848 0.15933 0.74026 0.1377
0.4247 0.33418 0.41483 -0.63848 0.15933 0.74026 0.1377
0.4247 0.33418 0.41483 -0.63848 0.15933 0.74026 0.1377
0.4247 0.33418 0.41483 -0.63848 0.15933 0.74026 0.1377
0.42351 0.333 0.4144 -0.63846 0.1605 0.74031 0.13616
0.4224 0.33366 0.41429 -0.63736 0.16009 0.74117 0.13712
0.4224 0.33366 0.41429 -0.63736 0.16009 0.74117 0.13712
0.4224 0.33366 0.41429 -0.63736 0.16009 0.74117 0.13712
0.42169 0.33359 0.41424 -0.63719 0.16057 0.74126 0.13694
0.42121 0.33319 0.41378 -0.63738 0.16051 0.74126 0.13604
0.42053 0.33254 0.41396 -0.63655 0.16173 0.74162 0.13657
