0.40501 0.32149 0.37745 -0.65927 0.26366 0.6409 0.29171
0.40501 0.32149 0.37745 -0.65927 0.26366 0.6409 0.29171
0.40461 0.32166 0.37747 -0.65944 0.26325 0.64127 0.29088
0.40473 0.32207 0.37743 -0.65889 0.26306 0.64164 0.29148
0.40473 0.32207 0.37743 -0.65889 0.26306 0.64164 0.29148
0.40466 0.32074 0.37709 -0.65924 0.26456 0.64101 0.29071
0.40502 0.32147 0.37719 -0.65979 0.26338 0.64067 0.29127
0.40459 0.32128 0.37678 -0.65883 0.26392 0.64135 0.29149
0.40442 0.322 0.37723 -0.65894 0.26304 0.6416 0.29148
0.40446 0.32163 0.37676 -0.65926 0.26353 0.64156 0.29039
0.40428 0.32205 0.37732 -0.65842 0.26353 0.64146 0.29251
0.40459 0.32172 0.37699 -0.65916 0.26344 0.64126 0.29136
0.40391 0.32218 0.37712 -0.65866 0.26327 0.64183 0.29139
0.40421 0.3213 0.37681 -0.65864 0.26429 0.6416 0.29102
0.40442 0.32156 0.37729 -0.65896 0.26385 0.64119 0.2916
0.40414 0.3215 0.37705 -0.65832 0.26411 0.6416 0.29192
0.40481 0.32188 0.37746 -0.65948 0.26301 0.64112 0.29133
0.4045 0.32247 0.37738 -0.65936 0.26257 0.64145 0.29127
0.40467 0.32216 0.37739 -0.65904 0.26273 0.64163 0.29146
0.4044 0.32171 0.37733 -0.65897 0.26365 0.64137 0.29136
0.40467 0.32138 0.37724 -0.65907 0.26351 0.64139 0.29121
0.40469 0.32235 0.37733 -0.65882 0.26296 0.64157 0.29187
0.40447 0.32182 0.37722 -0.65903 0.26329 0.64143 0.29142
0.40474 0.32143 0.37743 -0.65885 0.26417 0.64105 0.29188
0.40446 0.32222 0.37719 -0.65865 0.26341 0.64146 0.29211
0.40439 0.32132 0.37723 -0.65857 0.26389 0.64146 0.29185
0.40479 0.32148 0.37739 -0.6593 0.26347 0.64105 0.29149
0.40452 0.32254 0.37733 -0.6585 0.26293 0.64181 0.29211
0.40409 0.32207 0.37723 -0.65882 0.26358 0.64149 0.29151
0.40472 0.32191 0.37742 -0.65965 0.26311 0.64109 0.29093
0.40427 0.32152 0.37712 -0.65875 0.26411 0.64134 0.2915
0.40401 0.32231 0.37711 -0.65861 0.26311 0.64206 0.29114
0.40458 0.32166 0.37708 -0.65888 0.26372 0.64132 0.29161
0.4048 0.32159 0.37752 -0.65918 0.26365 0.64095 0.29179
0.40444 0.32157 0.37709 -0.65918 0.26405 0.64104 0.29123
0.40458 0.3215 0.37723 -0.65867 0.26396 0.64132 0.29187
0.40433 0.32255 0.37743 -0.65921 0.26228 0.64173 0.29126
0.40453 0.32204 0.37735 -0.65891 0.26332 0.64135 0.29184
0.40468 0.3222 0.37737 -0.65879 0.26316 0.64145 0.29205
0.40439 0.322 0.37735 -0.65888 0.26324 0.64155 0.29155
0.40439 0.322 0.37735 -0.65888 0.26324 0.64155 0.29155
0.40462 0.32169 0.37734 -0.65873 0.2636 0.64142 0.29184
0.40452 0.32191 0.37733 -0.6588 0.26331 0.64151 0.29175
0.40435 0.32336 0.37782 -0.65933 0.26188 0.64164 0.29156
0.40405 0.32186 0.377 -0.65853 0.26336 0.64192 0.29141
0.40448 0.32161 0.37705 -0.65853 0.26351 0.64156 0.29207
0.40415 0.32169 0.37698 -0.65888 0.26348 0.64153 0.29138
0.40468 0.3218 0.3772 -0.65926 0.26338 0.64119 0.29135
0.40452 0.32226 0.37724 -0.65901 0.26288 0.64166 0.29133
0.40426 0.32138 0.37697 -0.65865 0.26415 0.64155 0.29123
0.40403 0.32249 0.37705 -0.65839 0.26333 0.64201 0.29156
0.40478 0.32087 0.3771 -0.65943 0.26425 0.6407 0.29123
0.40453 0.32227 0.37738 -0.65899 0.26283 0.64162 0.29151
0.40412 0.32226 0.37692 -0.65851 0.26331 0.6421 0.29109
0.40458 0.32204 0.37726 -0.65939 0.26331 0.64096 0.29161
0.40436 0.32249 0.37743 -0.65893 0.26292 0.64171 0.29136
0.40451 0.32184 0.37693 -0.65885 0.26331 0.64163 0.29137
0.4048 0.32147 0.37714 -0.65921 0.26368 0.64098 0.29163
0.40487 0.32159 0.37725 -0.65922 0.26348 0.64127 0.29119
0.40436 0.32211 0.37691 -0.65849 0.26324 0.64185 0.29177
0.40427 0.32194 0.37723 -0.6587 0.26344 0.64162 0.29161
0.40497 0.3221 0.3772 -0.65946 0.26266 0.6414 0.29109
0.40476 0.3218 0.37708 -0.65903 0.2634 0.64123 0.29177
0.40461 0.32231 0.37761 -0.6589 0.26332 0.64132 0.29193
0.40478 0.32201 0.37745 -0.65896 0.26331 0.64118 0.2921
0.40443 0.32085 0.37676 -0.65888 0.2644 0.64137 0.29089
0.40538 0.32191 0.37799 -0.65961 0.26314 0.64067 0.29191
0.40397 0.32212 0.37699 -0.65849 0.26359 0.64191 0.29131
0.40408 0.32244 0.37683 -0.65855 0.26298 0.64208 0.29135
0.40432 0.32255 0.37728 -0.65903 0.26308 0.6416 0.29124
0.40412 0.3221 0.37725 -0.65831 0.26384 0.64172 0.29192
0.40484 0.32103 0.37662 -0.65849 0.26465 0.6411 0.29214
0.40423 0.32288 0.37664 -0.65828 0.26383 0.64155 0.29235
0.40441 0.32222 0.37692 -0.65764 0.26494 0.6411 0.29378
0.40497 0.32306 0.37737 -0.65723 0.26507 0.64022 0.29649
0.40507 0.32287 0.37694 -0.6577 0.26533 0.63999 0.2957
0.40493 0.32385 0.37706 -0.65705 0.26515 0.63981 0.29769
0.40543 0.32321 0.37688 -0.65669 0.26651 0.63906 0.29888
0.40657 0.32465 0.37754 -0.65631 0.26623 0.63791 0.30241
0.40605 0.32532 0.37714 -0.65556 0.26703 0.63788 0.3034
0.40595 0.3255 0.37691 -0.6544 0.26804 0.63765 0.30547
0.40655 0.32597 0.37686 -0.65388 0.26906 0.63644 0.3082
0.40624 0.32733 0.37721 -0.6517 0.26924 0.63704 0.3114
0.40703 0.32776 0.37681 -0.65212 0.27006 0.63587 0.31222
0.40702 0.32844 0.37707 -0.65082 0.27123 0.63535 0.31498
0.40748 0.32852 0.37647 -0.65008 0.27251 0.63473 0.31661
0.40757 0.32981 0.37601 -0.64893 0.27304 0.63446 0.31907
0.40744 0.33022 0.37604 -0.64925 0.2728 0.63425 0.31901
0.40786 0.33058 0.37568 -0.64752 0.27553 0.63335 0.32197
0.40756 0.33127 0.37493 -0.6468 0.2767 0.63331 0.32248
0.40705 0.33181 0.37453 -0.64508 0.27837 0.63342 0.32429
0.40757 0.33113 0.37379 -0.64512 0.28034 0.63257 0.32418
0.40694 0.33238 0.37325 -0.64377 0.28099 0.63313 0.32518
0.4077 0.33109 0.37206 -0.64411 0.28385 0.63159 0.32503
0.40669 0.33114 0.37095 -0.64319 0.28631 0.6318 0.32429
0.40661 0.33153 0.37037 -0.6423 0.2871 0.63198 0.32502
0.40675 0.33016 0.36884 -0.64162 0.28996 0.63121 0.3253
0.4057 0.33172 0.36793 -0.64032 0.29045 0.63249 0.32493
0.40571 0.33104 0.36684 -0.63982 0.29331 0.6315 0.32526
0.40534 0.33008 0.36543 -0.63945 0.2957 0.63118 0.32447
0.40533 0.33012 0.3642 -0.639 0.2974 0.63091 0.32434
0.40496 0.33035 0.36283 -0.63816 0.29872 0.63153 0.32355
0.40474 0.32981 0.36137 -0.63798 0.30109 0.631 0.32275
0.40425 0.33057 0.3603 -0.63644 0.30228 0.63201 0.3227
0.40349 0.33055 0.35853 -0.63586 0.30415 0.63232 0.32148
0.40347 0.33027 0.35742 -0.63496 0.30635 0.63203 0.32173
0.40379 0.33063 0.35679 -0.63535 0.30732 0.63148 0.32111
0.40298 0.33091 0.35449 -0.63429 0.30945 0.63211 0.31993
0.40356 0.33084 0.35355 -0.63394 0.31095 0.63157 0.32023
0.40189 0.33111 0.35158 -0.6328 0.31291 0.63266 0.31842
0.40209 0.33206 0.35063 -0.63138 0.31441 0.63277 0.31954
0.40213 0.33279 0.3493 -0.63049 0.31527 0.63319 0.31962
0.40105 0.33347 0.3479 -0.63007 0.31627 0.63367 0.31851
0.40108 0.33337 0.34623 -0.62879 0.31879 0.63339 0.31909
0.40104 0.33406 0.34499 -0.62834 0.31987 0.63317 0.31931
0.40113 0.33411 0.3439 -0.62797 0.3218 0.63249 0.31946
0.40064 0.33463 0.34217 -0.6269 0.323 0.63295 0.31943
0.39941 0.33469 0.34019 -0.625 0.32518 0.63379 0.31927
0.39997 0.33568 0.33927 -0.62457 0.32615 0.63323 0.32025
0.39968 0.33565 0.33802 -0.6234 0.32832 0.63296 0.32084
0.39902 0.33637 0.3368 -0.6232 0.32969 0.63289 0.31996
0.39997 0.337 0.33587 -0.62264 0.33031 0.63238 0.32141
0.39916 0.3363 0.33404 -0.62057 0.33348 0.63258 0.32176
0.39833 0.33499 0.33293 -0.61976 0.33656 0.63213 0.321
0.39882 0.33573 0.33157 -0.61779 0.3385 0.63173 0.32355
0.3992 0.33493 0.32996 -0.61757 0.34109 0.6305 0.32363
0.39864 0.33516 0.3287 -0.61545 0.34363 0.63047 0.32502
0.39998 0.33438 0.32771 -0.61502 0.34574 0.62906 0.32635
0.39896 0.33387 0.32626 -0.61288 0.34903 0.6289 0.32717
0.39984 0.33259 0.3247 -0.61188 0.35216 0.62746 0.32846
0.3997 0.33269 0.32379 -0.61025 0.35479 0.62676 0.32999
0.40007 0.33119 0.32199 -0.60893 0.35823 0.62527 0.33153
0.40014 0.33031 0.32073 -0.60716 0.36137 0.62438 0.33306
0.40028 0.32948 0.31889 -0.60562 0.36437 0.62357 0.3341
0.40029 0.32916 0.31799 -0.60395 0.36718 0.62257 0.33591
0.40029 0.32916 0.31799 -0.60395 0.36718 0.62257 0.33591
0.40029 0.32916 0.31799 -0.60395 0.36718 0.62257 0.33591
0.40143 0.32703 0.31436 -0.59888 0.37662 0.61873 0.34159
0.40153 0.32578 0.31317 -0.59655 0.38033 0.61763 0.34353
0.40172 0.32486 0.31177 -0.5953 0.38343 0.61608 0.34503
0.40172 0.32486 0.31177 -0.5953 0.38343 0.61608 0.34503
0.40172 0.32486 0.31177 -0.5953 0.38343 0.61608 0.34503
0.40283 0.32133 0.30786 -0.58954 0.39433 0.61111 0.35142
0.40309 0.32065 0.30683 -0.58715 0.39778 0.60992 0.35359
0.40283 0.31956 0.30532 -0.585 0.40214 0.6078 0.35587
0.40283 0.31956 0.30532 -0.585 0.40214 0.6078 0.35587
0.40283 0.31956 0.30532 -0.585 0.40214 0.6078 0.35587
0.40418 0.31829 0.30226 -0.5789 0.41089 0.60327 0.36346
0.40441 0.31679 0.30081 -0.57723 0.41453 0.60135 0.36517
0.40527 0.31667 0.29953 -0.57549 0.41715 0.59944 0.36807
0.40527 0.31667 0.29953 -0.57549 0.41715 0.59944 0.36807
0.40527 0.31667 0.29953 -0.57549 0.41715 0.59944 0.36807
0.4056 0.31483 0.29599 -0.56792 0.42774 0.59437 0.3758
0.40579 0.31409 0.29453 -0.56578 0.43119 0.59263 0.37782
0.40563 0.3129 0.29327 -0.56258 0.43569 0.59086 0.38022
0.40563 0.3129 0.29327 -0.56258 0.43569 0.59086 0.38022
0.40563 0.3129 0.29327 -0.56258 0.43569 0.59086 0.38022
0.40584 0.31121 0.28938 -0.55722 0.44513 0.58542 0.38555
0.4063 0.31043 0.28822 -0.55394 0.4489 0.58335 0.38903
0.40571 0.31026 0.28655 -0.55207 0.45179 0.58202 0.39033
0.40571 0.31026 0.28655 -0.55207 0.45179 0.58202 0.39033
0.40571 0.31026 0.28655 -0.55207 0.45179 0.58202 0.39033
0.40545 0.30922 0.28283 -0.54503 0.46141 0.57713 0.39619
0.40428 0.30836 0.2808 -0.54272 0.46483 0.57619 0.39673
0.40519 0.30744 0.27992 -0.54062 0.46808 0.57359 0.39955
0.40519 0.30744 0.27992 -0.54062 0.46808 0.57359 0.39955
0.40519 0.30744 0.27992 -0.54062 0.46808 0.57359 0.39955
0.40402 0.30623 0.2755 -0.53352 0.478 0.56848 0.40461
0.40408 0.30552 0.27437 -0.5316 0.48129 0.5662 0.40641
0.40389 0.30442 0.27226 -0.5303 0.4842 0.56431 0.40729
0.40389 0.30442 0.27226 -0.5303 0.4842 0.56431 0.40729
0.40389 0.30442 0.27226 -0.5303 0.4842 0.56431 0.40729
0.40244 0.303 0.2683 -0.52373 0.49385 0.55947 0.41087
0.40157 0.30215 0.26623 -0.52147 0.49758 0.55781 0.41151
0.40105 0.30209 0.26468 -0.51889 0.50005 0.55691 0.41297
0.40105 0.30209 0.26468 -0.51889 0.50005 0.55691 0.41297
0.40105 0.30209 0.26468 -0.51889 0.50005 0.55691 0.41297
0.4003 0.29992 0.25993 -0.51434 0.50868 0.55149 0.4154
0.39942 0.2985 0.2579 -0.51203 0.51231 0.54982 0.41601
0.39905 0.29739 0.25645 -0.50915 0.51608 0.54741 0.41805
0.39905 0.29739 0.25645 -0.50915 0.51608 0.54741 0.41805
0.39905 0.29739 0.25645 -0.50915 0.51608 0.54741 0.41805
0.39718 0.29721 0.25132 -0.50373 0.52278 0.54505 0.41938
0.3964 0.29641 0.24953 -0.50182 0.52581 0.54334 0.4201
0.39586 0.29593 0.24801 -0.49934 0.52869 0.54206 0.4211
0.39586 0.29593 0.24801 -0.49934 0.52869 0.54206 0.4211
0.39586 0.29593 0.24801 -0.49934 0.52869 0.54206 0.4211
0.39369 0.2941 0.24176 -0.4935 0.53674 0.53805 0.42293
0.3934 0.29512 0.24054 -0.49103 0.53805 0.53805 0.42414
0.39239 0.29419 0.23863 -0.48896 0.54093 0.53706 0.42413
0.39239 0.29419 0.23863 -0.48896 0.54093 0.53706 0.42413
0.39239 0.29419 0.23863 -0.48896 0.54093 0.53706 0.42413
0.39065 0.29164 0.23286 -0.48325 0.54851 0.53344 0.4255
0.3904 0.29162 0.23145 -0.48069 0.55051 0.53215 0.42743
0.38927 0.29107 0.22941 -0.47852 0.55299 0.53187 0.42702
0.38927 0.29107 0.22941 -0.47852 0.55299 0.53187 0.42702
0.38927 0.29107 0.22941 -0.47852 0.55299 0.53187 0.42702
0.38774 0.28888 0.22396 -0.47327 0.55979 0.52824 0.4285
0.38665 0.28837 0.22186 -0.47117 0.56182 0.52801 0.42844
0.3865 0.28702 0.2201 -0.46858 0.5646 0.52668 0.42925
0.3865 0.28702 0.2201 -0.46858 0.5646 0.52668 0.42925
0.3865 0.28702 0.2201 -0.46858 0.5646 0.52668 0.42925
0.38624 0.2846 0.21488 -0.46383 0.57038 0.52219 0.43225
0.38695 0.28406 0.21362 -0.46199 0.57145 0.52099 0.43427
0.38774 0.28288 0.21212 -0.4609 0.57315 0.51895 0.43561
0.38774 0.28288 0.21212 -0.4609 0.57315 0.51895 0.43561
0.38774 0.28288 0.21212 -0.4609 0.57315 0.51895 0.43561
0.38882 0.2794 0.2065 -0.45828 0.57756 0.5136 0.43888
0.3904 0.27886 0.20577 -0.45741 0.5781 0.51171 0.44128
0.39177 0.27681 0.20375 -0.4565 0.57962 0.50876 0.44363
0.39177 0.27681 0.20375 -0.4565 0.57962 0.50876 0.44363
0.39177 0.27681 0.20375 -0.4565 0.57962 0.50876 0.44363
0.39637 0.27167 0.19948 -0.45504 0.58304 0.50022 0.45031
0.39758 0.26949 0.19753 -0.45503 0.584 0.49766 0.45191
0.39922 0.2686 0.19626 -0.45352 0.58506 0.49498 0.455
0.39922 0.2686 0.19626 -0.45352 0.58506 0.49498 0.455
0.39922 0.2686 0.19626 -0.45352 0.58506 0.49498 0.455
0.40604 0.26415 0.19201 -0.45442 0.58517 0.48639 0.46314
0.40802 0.26274 0.19055 -0.454 0.58582 0.48324 0.46602
0.4104 0.26082 0.18935 -0.45359 0.58613 0.48011 0.46926
0.4104 0.26082 0.18935 -0.45359 0.58613 0.48011 0.46926
0.4104 0.26082 0.18935 -0.45359 0.58613 0.48011 0.46926
0.41765 0.25675 0.18617 -0.45372 0.58601 0.47115 0.47828
0.41964 0.25468 0.18458 -0.4539 0.58637 0.46823 0.48053
0.42164 0.25447 0.18366 -0.45456 0.5855 0.4665 0.48264
0.42164 0.25447 0.18366 -0.45456 0.5855 0.4665 0.48264
0.42164 0.25447 0.18366 -0.45456 0.5855 0.4665 0.48264
0.42816 0.25057 0.17994 -0.45397 0.58452 0.45944 0.49108
0.43074 0.24973 0.17912 -0.45407 0.58389 0.45704 0.49397
0.43213 0.24935 0.17791 -0.45338 0.58344 0.45572 0.49635
0.43213 0.24935 0.17791 -0.45338 0.58344 0.45572 0.49635
0.43213 0.24935 0.17791 -0.45338 0.58344 0.45572 0.49635
0.43655 0.24806 0.17441 -0.45445 0.58136 0.4519 0.50128
0.43809 0.24608 0.17292 -0.4553 0.58083 0.45048 0.50241
0.43862 0.24533 0.17122 -0.45405 0.58112 0.44994 0.50368
0.43862 0.24533 0.17122 -0.45405 0.58112 0.44994 0.50368
0.43862 0.24533 0.17122 -0.45405 0.58112 0.44994 0.50368
0.44165 0.24639 0.16839 -0.45408 0.57824 0.44915 0.50765
0.44373 0.24608 0.16803 -0.45424 0.57729 0.44797 0.50963
0.44377 0.24623 0.16627 -0.455 0.57628 0.44866 0.50948
0.44377 0.24623 0.16627 -0.455 0.57628 0.44866 0.50948
0.44377 0.24623 0.16627 -0.455 0.57628 0.44866 0.50948
0.44697 0.24754 0.16411 -0.45597 0.57288 0.44849 0.5126
0.44757 0.24755 0.16289 -0.45555 0.57224 0.44883 0.51339
0.44854 0.24768 0.16179 -0.45545 0.5713 0.44898 0.51438
0.44854 0.24768 0.16179 -0.45545 0.5713 0.44898 0.51438
0.44854 0.24768 0.16179 -0.45545 0.5713 0.44898 0.51438
0.4498 0.24987 0.15886 -0.45641 0.56825 0.45066 0.51544
0.45059 0.24972 0.15823 -0.45656 0.5679 0.4501 0.51619
0.45103 0.2504 0.15714 -0.45618 0.56666 0.45113 0.51699
0.45103 0.2504 0.15714 -0.45618 0.56666 0.45113 0.51699
0.45103 0.2504 0.15714 -0.45618 0.56666 0.45113 0.51699
0.45216 0.25108 0.15399 -0.45632 0.56489 0.45156 0.51842
0.45229 0.25281 0.15298 -0.45693 0.56318 0.45343 0.51811
0.45262 0.25318 0.15171 -0.45652 0.56264 0.45371 0.51882
0.45262 0.25318 0.15171 -0.45652 0.56264 0.45371 0.51882
0.45262 0.25318 0.15171 -0.45652 0.56264 0.45371 0.51882
0.45511 0.25596 0.1498 -0.45621 0.559 0.45486 0.52201
0.45469 0.25697 0.14857 -0.45591 0.55818 0.4558 0.52233
0.45558 0.25729 0.14817 -0.4558 0.55722 0.45605 0.52322
0.45558 0.25729 0.14817 -0.4558 0.55722 0.45605 0.52322
0.45558 0.25729 0.14817 -0.4558 0.55722 0.45605 0.52322
0.4577 0.26238 0.14591 -0.45534 0.55206 0.45827 0.52715
0.45838 0.26385 0.14536 -0.45454 0.55077 0.45893 0.52862
0.45933 0.26445 0.14466 -0.45469 0.54963 0.45905 0.52956
0.45933 0.26445 0.14466 -0.45469 0.54963 0.45905 0.52956
0.45933 0.26445 0.14466 -0.45469 0.54963 0.45905 0.52956
0.46196 0.26963 0.14315 -0.45428 0.5442 0.46078 0.534
0.46283 0.2706 0.14257 -0.45387 0.54286 0.46104 0.53549
0.46419 0.27161 0.14236 -0.4538 0.54112 0.46104 0.5373
0.46419 0.27161 0.14236 -0.4538 0.54112 0.46104 0.5373
0.46419 0.27161 0.14236 -0.4538 0.54112 0.46104 0.5373
0.46592 0.27709 0.14086 -0.45276 0.53614 0.46303 0.54145
0.46784 0.27774 0.14106 -0.4533 0.53411 0.46248 0.54347
0.46768 0.2786 0.14017 -0.45249 0.53321 0.46292 0.54465
0.46768 0.2786 0.14017 -0.45249 0.53321 0.46292 0.54465
0.46768 0.2786 0.14017 -0.45249 0.53321 0.46292 0.54465
0.47058 0.2836 0.13943 -0.45106 0.52808 0.46412 0.54978
0.47179 0.28412 0.13947 -0.45094 0.52666 0.46396 0.55138
0.47184 0.28683 0.13915 -0.44946 0.52518 0.46522 0.55294
0.47184 0.28683 0.13915 -0.44946 0.52518 0.46522 0.55294
0.47184 0.28683 0.13915 -0.44946 0.52518 0.46522 0.55294
0.47344 0.29142 0.13827 -0.44886 0.52017 0.46721 0.55647
0.47435 0.29242 0.13813 -0.44832 0.51857 0.46772 0.55797
0.47531 0.29431 0.13843 -0.44856 0.51622 0.46822 0.55954
0.47531 0.29431 0.13843 -0.44856 0.51622 0.46822 0.55954
0.47531 0.29431 0.13843 -0.44856 0.51622 0.46822 0.55954
0.47653 0.30158 0.13887 -0.44753 0.50952 0.47254 0.56287
0.47726 0.30306 0.13877 -0.44818 0.50745 0.47312 0.56373
0.47645 0.30517 0.13874 -0.44791 0.50614 0.47501 0.56353
0.47645 0.30517 0.13874 -0.44791 0.50614 0.47501 0.56353
0.47645 0.30517 0.13874 -0.44791 0.50614 0.47501 0.56353
0.47723 0.31182 0.13955 -0.44805 0.49956 0.47921 0.56573
0.47729 0.31407 0.13949 -0.44781 0.49745 0.48096 0.56629
0.47764 0.31599 0.13972 -0.44826 0.495 0.48221 0.56702
0.47764 0.31599 0.13972 -0.44826 0.495 0.48221 0.56702
0.47764 0.31599 0.13972 -0.44826 0.495 0.48221 0.56702
0.47887 0.32161 0.14144 -0.44973 0.48901 0.48543 0.5683
0.47834 0.32223 0.14105 -0.45041 0.48778 0.48676 0.56768
0.47846 0.32437 0.14122 -0.45069 0.48598 0.48776 0.56815
0.47846 0.32437 0.14122 -0.45069 0.48598 0.48776 0.56815
0.47846 0.32437 0.14122 -0.45069 0.48598 0.48776 0.56815
0.4794 0.33042 0.14288 -0.45265 0.47893 0.4914 0.56944
0.47914 0.33231 0.14341 -0.45235 0.47744 0.49253 0.56995
0.47918 0.33578 0.14445 -0.45312 0.47475 0.49453 0.56986
0.47918 0.33578 0.14445 -0.45312 0.47475 0.49453 0.56986
0.47918 0.33578 0.14445 -0.45312 0.47475 0.49453 0.56986
0.47785 0.34064 0.14509 -0.45394 0.47028 0.49855 0.5694
0.47776 0.34222 0.14552 -0.45503 0.46826 0.49982 0.56909
0.47676 0.34524 0.14598 -0.4549 0.46654 0.50222 0.56849
0.47676 0.34524 0.14598 -0.4549 0.46654 0.50222 0.56849
0.47676 0.34524 0.14598 -0.4549 0.46654 0.50222 0.56849
0.47629 0.34974 0.14725 -0.45669 0.46191 0.5053 0.56811
0.47558 0.35032 0.14722 -0.45728 0.46119 0.5063 0.56732
0.47471 0.35386 0.14791 -0.457 0.45916 0.50859 0.56714
0.47471 0.35386 0.14791 -0.457 0.45916 0.50859 0.56714
0.47471 0.35386 0.14791 -0.457 0.45916 0.50859 0.56714
0.4734 0.35905 0.14935 -0.45894 0.4542 0.51202 0.56649
0.47177 0.36087 0.14889 -0.45829 0.45378 0.51388 0.56566
0.47161 0.36317 0.14971 -0.45915 0.45147 0.51515 0.56566
0.47161 0.36317 0.14971 -0.45915 0.45147 0.51515 0.56566
0.47161 0.36317 0.14971 -0.45915 0.45147 0.51515 0.56566
0.46963 0.36794 0.15032 -0.45985 0.44778 0.51821 0.56523
0.46793 0.37022 0.15007 -0.46046 0.44648 0.52 0.56412
0.46686 0.37095 0.14958 -0.46076 0.44572 0.52113 0.56343
0.46686 0.37095 0.14958 -0.46076 0.44572 0.52113 0.56343
0.46686 0.37095 0.14958 -0.46076 0.44572 0.52113 0.56343
0.46445 0.37662 0.1506 -0.46173 0.44213 0.5243 0.56252
0.46315 0.37771 0.15043 -0.46201 0.44123 0.52562 0.56177
0.46224 0.37866 0.15046 -0.46376 0.44036 0.52626 0.56041
0.46224 0.37866 0.15046 -0.46376 0.44036 0.52626 0.56041
0.46224 0.37866 0.15046 -0.46376 0.44036 0.52626 0.56041
0.45758 0.38316 0.15054 -0.4629 0.43886 0.53085 0.55797
0.45615 0.38479 0.1505 -0.46318 0.43771 0.5324 0.55715
0.45418 0.38609 0.15068 -0.46369 0.43737 0.53426 0.55522
0.45418 0.38609 0.15068 -0.46369 0.43737 0.53426 0.55522
0.45418 0.38609 0.15068 -0.46369 0.43737 0.53426 0.55522
0.44887 0.39127 0.1513 -0.46318 0.43573 0.53944 0.55191
0.44638 0.39272 0.1511 -0.46221 0.43614 0.54085 0.55101
0.44482 0.39351 0.15078 -0.46214 0.4359 0.54231 0.54984
0.44482 0.39351 0.15078 -0.46214 0.4359 0.54231 0.54984
0.44482 0.39351 0.15078 -0.46214 0.4359 0.54231 0.54984
0.43874 0.39762 0.15116 -0.46118 0.43608 0.54757 0.54526
0.43655 0.39733 0.15061 -0.46128 0.43651 0.54876 0.54364
0.43444 0.39937 0.15059 -0.46034 0.43655 0.55091 0.54223
0.43444 0.39937 0.15059 -0.46034 0.43655 0.55091 0.54223
0.43444 0.39937 0.15059 -0.46034 0.43655 0.55091 0.54223
0.42821 0.40142 0.1504 -0.4596 0.43749 0.55585 0.53704
0.42632 0.40304 0.15089 -0.45858 0.43761 0.55752 0.53607
0.42326 0.40355 0.15028 -0.45874 0.43821 0.5598 0.53307
0.42326 0.40355 0.15028 -0.45874 0.43821 0.5598 0.53307
0.42326 0.40355 0.15028 -0.45874 0.43821 0.5598 0.53307
0.41831 0.40667 0.15163 -0.45627 0.43893 0.56473 0.52937
0.41562 0.40648 0.15073 -0.45546 0.44035 0.56682 0.52665
0.41333 0.40627 0.15046 -0.45462 0.44166 0.56807 0.52493
0.41333 0.40627 0.15046 -0.45462 0.44166 0.56807 0.52493
0.41333 0.40627 0.15046 -0.45462 0.44166 0.56807 0.52493
0.40779 0.40792 0.15127 -0.45191 0.44348 0.57328 0.52006
0.40476 0.40858 0.15106 -0.45074 0.44445 0.57561 0.51765
0.40259 0.40958 0.15152 -0.44934 0.44524 0.5778 0.51576
0.40259 0.40958 0.15152 -0.44934 0.44524 0.5778 0.51576
0.40259 0.40958 0.15152 -0.44934 0.44524 0.5778 0.51576
0.39707 0.40979 0.15186 -0.44687 0.44816 0.58224 0.51034
0.39438 0.40915 0.1515 -0.44567 0.45016 0.58379 0.50786
0.39265 0.40899 0.15168 -0.44525 0.45104 0.5852 0.50582
0.39265 0.40899 0.15168 -0.44525 0.45104 0.5852 0.50582
0.39265 0.40899 0.15168 -0.44525 0.45104 0.5852 0.50582
0.3869 0.40781 0.15171 -0.44424 0.45504 0.58881 0.49888
0.38567 0.40694 0.15191 -0.44288 0.45719 0.58946 0.49736
0.38283 0.40767 0.1522 -0.44301 0.45812 0.59144 0.49403
0.38283 0.40767 0.1522 -0.44301 0.45812 0.59144 0.49403
0.38283 0.40767 0.1522 -0.44301 0.45812 0.59144 0.49403
0.37818 0.40282 0.15146 -0.44176 0.46455 0.59319 0.487
0.37693 0.40324 0.15188 -0.44131 0.4655 0.59408 0.48541
0.37469 0.40071 0.15142 -0.4413 0.46836 0.59442 0.48224
0.37469 0.40071 0.15142 -0.4413 0.46836 0.59442 0.48224
0.37469 0.40071 0.15142 -0.4413 0.46836 0.59442 0.48224
0.3704 0.39782 0.15193 -0.44076 0.47324 0.59656 0.47527
0.36814 0.39758 0.15202 -0.44014 0.47499 0.59822 0.47201
0.36693 0.39683 0.15242 -0.43924 0.4768 0.59888 0.47019
0.36693 0.39683 0.15242 -0.43924 0.4768 0.59888 0.47019
0.36693 0.39683 0.15242 -0.43924 0.4768 0.59888 0.47019
0.36205 0.39374 0.15276 -0.43909 0.48153 0.60103 0.46269
0.36136 0.39341 0.15338 -0.43723 0.48315 0.60137 0.46233
0.35979 0.39153 0.15311 -0.43697 0.48531 0.60166 0.45993
0.35979 0.39153 0.15311 -0.43697 0.48531 0.60166 0.45993
0.35979 0.39153 0.15311 -0.43697 0.48531 0.60166 0.45993
0.35489 0.38844 0.1533 -0.43531 0.49074 0.60396 0.45267
0.35322 0.38821 0.15396 -0.43536 0.49191 0.60486 0.45014
0.35188 0.38723 0.15399 -0.43392 0.49393 0.60566 0.44823
0.35188 0.38723 0.15399 -0.43392 0.49393 0.60566 0.44823
0.35188 0.38723 0.15399 -0.43392 0.49393 0.60566 0.44823
0.34747 0.38368 0.15441 -0.43311 0.49919 0.60691 0.44146
0.34668 0.38289 0.15514 -0.43249 0.50074 0.60707 0.4401
0.34442 0.38161 0.15465 -0.4327 0.5025 0.6082 0.43631
0.34442 0.38161 0.15465 -0.4327 0.5025 0.6082 0.43631
0.34442 0.38161 0.15465 -0.4327 0.5025 0.6082 0.43631
0.34145 0.37718 0.15504 -0.43322 0.50786 0.60743 0.43062
0.34074 0.37547 0.15517 -0.43296 0.50953 0.60751 0.42878
0.33939 0.37242 0.15405 -0.43371 0.51198 0.60687 0.426
0.33939 0.37242 0.15405 -0.43371 0.51198 0.60687 0.426
0.33939 0.37242 0.15405 -0.43371 0.51198 0.60687 0.426
0.3371 0.36777 0.15362 -0.43493 0.51675 0.60536 0.42113
0.33709 0.36499 0.15295 -0.43608 0.51838 0.60415 0.41966
0.33633 0.36382 0.15251 -0.43708 0.51927 0.60405 0.41766
0.33633 0.36382 0.15251 -0.43708 0.51927 0.60405 0.41766
0.33633 0.36382 0.15251 -0.43708 0.51927 0.60405 0.41766
0.33597 0.35736 0.15085 -0.43998 0.52337 0.6007 0.41432
0.33497 0.35664 0.15034 -0.44059 0.52418 0.60079 0.41252
0.33457 0.3543 0.14913 -0.44154 0.52567 0.59996 0.41081
0.33457 0.3543 0.14913 -0.44154 0.52567 0.59996 0.41081
0.33457 0.3543 0.14913 -0.44154 0.52567 0.59996 0.41081
0.33506 0.34752 0.14782 -0.44432 0.52978 0.59568 0.40875
0.3344 0.34568 0.147 -0.4452 0.53089 0.59529 0.40692
0.33435 0.34408 0.14658 -0.44621 0.53157 0.59444 0.40617
0.33435 0.34408 0.14658 -0.44621 0.53157 0.59444 0.40617
0.33435 0.34408 0.14658 -0.44621 0.53157 0.59444 0.40617
0.33374 0.33876 0.14471 -0.44905 0.53447 0.59185 0.40299
0.33359 0.33735 0.14406 -0.44971 0.53538 0.5907 0.40275
0.33473 0.33557 0.14349 -0.45161 0.53563 0.58913 0.40258
0.33473 0.33557 0.14349 -0.45161 0.53563 0.58913 0.40258
0.33473 0.33557 0.14349 -0.45161 0.53563 0.58913 0.40258
0.33517 0.33015 0.14123 -0.45425 0.538 0.58598 0.40104
0.3356 0.32804 0.14069 -0.45595 0.53871 0.58474 0.39997
0.33539 0.32654 0.13979 -0.45689 0.53937 0.58392 0.3992
0.33539 0.32654 0.13979 -0.45689 0.53937 0.58392 0.3992
0.33539 0.32654 0.13979 -0.45689 0.53937 0.58392 0.3992
0.33589 0.32061 0.13782 -0.46078 0.54193 0.58002 0.39695
0.33655 0.31875 0.1372 -0.46221 0.54264 0.57826 0.39689
0.33661 0.31636 0.13633 -0.46261 0.5437 0.57721 0.3965
0.33661 0.31636 0.13633 -0.46261 0.5437 0.57721 0.3965
0.33661 0.31636 0.13633 -0.46261 0.5437 0.57721 0.3965
0.33701 0.31167 0.13465 -0.46735 0.54545 0.57386 0.39339
0.33766 0.31057 0.13481 -0.46825 0.54581 0.57284 0.3933
0.33801 0.30843 0.13382 -0.4694 0.54652 0.57149 0.39291
0.33801 0.30843 0.13382 -0.4694 0.54652 0.57149 0.39291
0.33801 0.30843 0.13382 -0.4694 0.54652 0.57149 0.39291
0.33883 0.30482 0.13317 -0.47294 0.54782 0.56849 0.39121
0.33979 0.30227 0.13318 -0.47354 0.549 0.56654 0.39166
0.33994 0.30147 0.13329 -0.47513 0.54907 0.56576 0.39077
0.33994 0.30147 0.13329 -0.47513 0.54907 0.56576 0.39077
0.33994 0.30147 0.13329 -0.47513 0.54907 0.56576 0.39077
0.34249 0.29708 0.13334 -0.47918 0.55038 0.56074 0.39121
0.34339 0.29491 0.13328 -0.47986 0.55126 0.55891 0.39174
0.34405 0.29255 0.13342 -0.48093 0.55234 0.55726 0.39125
0.34405 0.29255 0.13342 -0.48093 0.55234 0.55726 0.39125
0.34405 0.29255 0.13342 -0.48093 0.55234 0.55726 0.39125
0.34596 0.28844 0.13398 -0.4846 0.5535 0.55283 0.39138
0.34673 0.28643 0.13435 -0.48528 0.55439 0.55128 0.39147
0.34732 0.28475 0.13466 -0.4875 0.55476 0.54975 0.39034
0.34732 0.28475 0.13466 -0.4875 0.55476 0.54975 0.39034
0.34732 0.28475 0.13466 -0.4875 0.55476 0.54975 0.39034
0.35066 0.27898 0.13565 -0.49109 0.55704 0.54298 0.39205
0.35142 0.27875 0.13621 -0.49255 0.55629 0.54248 0.39198
0.35227 0.27502 0.13602 -0.49317 0.55829 0.53971 0.39219
0.35227 0.27502 0.13602 -0.49317 0.55829 0.53971 0.39219
0.35227 0.27502 0.13602 -0.49317 0.55829 0.53971 0.39219
0.35526 0.27009 0.13736 -0.49775 0.5593 0.53399 0.3928
0.35694 0.26811 0.13812 -0.4992 0.55983 0.53166 0.39336
0.35703 0.26615 0.13828 -0.50007 0.56088 0.52982 0.39322
0.35703 0.26615 0.13828 -0.50007 0.56088 0.52982 0.39322
0.35703 0.26615 0.13828 -0.50007 0.56088 0.52982 0.39322
0.36015 0.26071 0.14009 -0.50373 0.56295 0.52343 0.39417
0.36212 0.25871 0.14102 -0.50591 0.56298 0.52098 0.39457
0.36293 0.25736 0.1415 -0.50704 0.56328 0.51894 0.39538
0.36293 0.25736 0.1415 -0.50704 0.56328 0.51894 0.39538
0.36293 0.25736 0.1415 -0.50704 0.56328 0.51894 0.39538
0.36669 0.25171 0.14378 -0.5107 0.56513 0.51207 0.39699
0.3672 0.25117 0.14413 -0.51258 0.56477 0.51099 0.39646
0.36953 0.2497 0.14532 -0.51451 0.56442 0.5082 0.39805
0.36953 0.2497 0.14532 -0.51451 0.56442 0.5082 0.39805
0.36953 0.2497 0.14532 -0.51451 0.56442 0.5082 0.39805
0.37293 0.24354 0.14636 -0.51782 0.56616 0.50191 0.39926
0.37374 0.24305 0.14732 -0.51895 0.56614 0.50014 0.40004
0.37513 0.24114 0.1478 -0.52 0.56639 0.4982 0.40074
0.37513 0.24114 0.1478 -0.52 0.56639 0.4982 0.40074
0.37513 0.24114 0.1478 -0.52 0.56639 0.4982 0.40074
0.3794 0.23797 0.14932 -0.52531 0.56505 0.49244 0.40282
0.38025 0.23681 0.14941 -0.52642 0.56503 0.49061 0.40364
0.38247 0.235 0.14975 -0.52781 0.56458 0.48822 0.40535
0.38247 0.235 0.14975 -0.52781 0.56458 0.48822 0.40535
0.38247 0.235 0.14975 -0.52781 0.56458 0.48822 0.40535
0.38701 0.23274 0.15039 -0.53295 0.56194 0.48352 0.40791
0.38833 0.23048 0.15061 -0.53417 0.56252 0.48028 0.40935
0.39003 0.23003 0.15075 -0.53596 0.56118 0.47919 0.41012
0.39003 0.23003 0.15075 -0.53596 0.56118 0.47919 0.41012
0.39003 0.23003 0.15075 -0.53596 0.56118 0.47919 0.41012
0.39513 0.22857 0.15104 -0.54044 0.55786 0.47416 0.4146
0.39735 0.22751 0.15111 -0.54333 0.5562 0.47201 0.4155
0.39941 0.22697 0.15129 -0.54438 0.55513 0.47011 0.4177
0.39941 0.22697 0.15129 -0.54438 0.55513 0.47011 0.4177
0.39941 0.22697 0.15129 -0.54438 0.55513 0.47011 0.4177
0.4047 0.22552 0.15151 -0.55024 0.55096 0.46513 0.42112
0.4069 0.22506 0.15143 -0.55184 0.54944 0.4634 0.42291
0.40867 0.22516 0.15171 -0.55425 0.54781 0.46168 0.42375
0.40867 0.22516 0.15171 -0.55425 0.54781 0.46168 0.42375
0.40867 0.22516 0.15171 -0.55425 0.54781 0.46168 0.42375
0.41454 0.22485 0.1515 -0.55901 0.54262 0.4575 0.42868
0.41624 0.22513 0.15159 -0.55943 0.54164 0.45653 0.4304
0.41818 0.22559 0.15162 -0.56139 0.53926 0.45501 0.43243
0.41818 0.22559 0.15162 -0.56139 0.53926 0.45501 0.43243
0.41818 0.22559 0.15162 -0.56139 0.53926 0.45501 0.43243
0.42427 0.22688 0.1519 -0.56574 0.53341 0.45107 0.43812
0.42601 0.22647 0.15157 -0.56648 0.53206 0.44999 0.43991
0.42841 0.22764 0.15209 -0.5687 0.52906 0.44893 0.44174
0.42841 0.22764 0.15209 -0.5687 0.52906 0.44893 0.44174
0.42841 0.22764 0.15209 -0.5687 0.52906 0.44893 0.44174
0.42841 0.22764 0.15209 -0.5687 0.52906 0.44893 0.44174
0.43579 0.23004 0.15179 -0.57383 0.52095 0.44468 0.44898
0.43745 0.23006 0.15174 -0.57369 0.52016 0.44337 0.45137
0.43745 0.23006 0.15174 -0.57369 0.52016 0.44337 0.45137
0.43745 0.23006 0.15174 -0.57369 0.52016 0.44337 0.45137
0.44271 0.23235 0.15135 -0.57656 0.51334 0.44122 0.45758
0.44386 0.2331 0.15197 -0.57771 0.51178 0.44022 0.45885
0.44695 0.2355 0.15211 -0.57816 0.50811 0.43955 0.46297
0.44695 0.2355 0.15211 -0.57816 0.50811 0.43955 0.46297
0.44695 0.2355 0.15211 -0.57816 0.50811 0.43955 0.46297
0.4515 0.23666 0.1515 -0.58002 0.50255 0.43705 0.46905
0.45322 0.23903 0.15161 -0.58008 0.5 0.4367 0.47202
0.45484 0.23953 0.1515 -0.58006 0.49831 0.4357 0.47473
0.45484 0.23953 0.1515 -0.58006 0.49831 0.4357 0.47473
0.45484 0.23953 0.1515 -0.58006 0.49831 0.4357 0.47473
0.45916 0.24324 0.15153 -0.58119 0.49178 0.4348 0.48096
0.45987 0.2443 0.15154 -0.58136 0.49022 0.43503 0.48213
0.46134 0.2461 0.1512 -0.5809 0.48781 0.43488 0.48526
0.46134 0.2461 0.1512 -0.5809 0.48781 0.43488 0.48526
0.46134 0.2461 0.1512 -0.5809 0.48781 0.43488 0.48526
0.46491 0.24879 0.15135 -0.57986 0.48303 0.43408 0.49196
0.46601 0.25217 0.15189 -0.57852 0.48048 0.43476 0.49541
0.46603 0.2518 0.15145 -0.57855 0.4804 0.43457 0.49562
0.46603 0.2518 0.15145 -0.57855 0.4804 0.43457 0.49562
0.46603 0.2518 0.15145 -0.57855 0.4804 0.43457 0.49562
0.46769 0.25804 0.15101 -0.57428 0.47499 0.43743 0.50323
0.4684 0.26025 0.15101 -0.57375 0.47295 0.43817 0.50511
0.4686 0.26152 0.15079 -0.57271 0.47156 0.439 0.50687
0.4686 0.26152 0.15079 -0.57271 0.47156 0.439 0.50687
0.4686 0.26152 0.15079 -0.57271 0.47156 0.439 0.50687
0.46888 0.26654 0.1505 -0.56734 0.46824 0.44175 0.51356
0.46944 0.2699 0.1509 -0.56559 0.46601 0.44336 0.51612
0.46892 0.26974 0.15036 -0.56488 0.46619 0.44371 0.51643
0.46892 0.26974 0.15036 -0.56488 0.46619 0.44371 0.51643
0.46892 0.26974 0.15036 -0.56488 0.46619 0.44371 0.51643
0.46709 0.27787 0.14953 -0.55804 0.46186 0.45006 0.52223
0.46659 0.28088 0.14966 -0.55652 0.46018 0.45177 0.52385
0.46557 0.28292 0.14913 -0.55424 0.45931 0.45394 0.52516
0.46557 0.28292 0.14913 -0.55424 0.45931 0.45394 0.52516
0.46557 0.28292 0.14913 -0.55424 0.45931 0.45394 0.52516
0.46341 0.28933 0.14917 -0.54924 0.45628 0.45872 0.52889
0.46227 0.29259 0.14901 -0.54715 0.45476 0.4615 0.52993
0.46239 0.29336 0.14957 -0.5461 0.45423 0.46171 0.53129
0.46239 0.29336 0.14957 -0.5461 0.45423 0.46171 0.53129
0.46239 0.29336 0.14957 -0.5461 0.45423 0.46171 0.53129
0.45811 0.2988 0.14869 -0.54139 0.45312 0.46762 0.53189
0.45659 0.30026 0.14834 -0.54013 0.45315 0.4696 0.5314
0.45511 0.30314 0.14848 -0.53829 0.4523 0.47235 0.53156
0.45511 0.30314 0.14848 -0.53829 0.4523 0.47235 0.53156
0.45511 0.30314 0.14848 -0.53829 0.4523 0.47235 0.53156
0.45016 0.30713 0.14815 -0.53439 0.45266 0.47798 0.53016
0.44783 0.30765 0.14784 -0.533 0.45382 0.48003 0.52871
0.44603 0.30891 0.14758 -0.53244 0.45373 0.48217 0.5274
0.44603 0.30891 0.14758 -0.53244 0.45373 0.48217 0.5274
0.44603 0.30891 0.14758 -0.53244 0.45373 0.48217 0.5274
0.43933 0.31127 0.14722 -0.52868 0.4569 0.48802 0.52304
0.43714 0.31185 0.14666 -0.52804 0.45779 0.4904 0.52068
0.43524 0.31212 0.14681 -0.52689 0.45894 0.49197 0.51935
0.43524 0.31212 0.14681 -0.52689 0.45894 0.49197 0.51935
0.43524 0.31212 0.14681 -0.52689 0.45894 0.49197 0.51935
0.42826 0.31305 0.14598 -0.52339 0.46325 0.49771 0.51356
0.42612 0.31332 0.14605 -0.52326 0.46444 0.49942 0.51096
0.42406 0.31343 0.14595 -0.52111 0.46614 0.50121 0.50985
0.42406 0.31343 0.14595 -0.52111 0.46614 0.50121 0.50985
0.42406 0.31343 0.14595 -0.52111 0.46614 0.50121 0.50985
0.41825 0.31287 0.14549 -0.51876 0.47067 0.50546 0.50386
0.41578 0.31338 0.1453 -0.51706 0.47184 0.50756 0.5024
0.41375 0.3143 0.14539 -0.51565 0.47272 0.50951 0.50105
0.41375 0.3143 0.14539 -0.51565 0.47272 0.50951 0.50105
0.41375 0.3143 0.14539 -0.51565 0.47272 0.50951 0.50105
0.40888 0.31395 0.14535 -0.51304 0.4764 0.51333 0.49631
0.40668 0.31442 0.14511 -0.51238 0.47724 0.51507 0.49439
0.4057 0.31484 0.14547 -0.51159 0.47782 0.51619 0.49347
0.4057 0.31484 0.14547 -0.51159 0.47782 0.51619 0.49347
0.4057 0.31484 0.14547 -0.51159 0.47782 0.51619 0.49347
0.40071 0.31608 0.14538 -0.50725 0.48095 0.52043 0.49044
0.39983 0.31561 0.14546 -0.5072 0.48137 0.52105 0.48942
0.3982 0.31643 0.14512 -0.50678 0.48162 0.52274 0.48781
0.3982 0.31643 0.14512 -0.50678 0.48162 0.52274 0.48781
0.3982 0.31643 0.14512 -0.50678 0.48162 0.52274 0.48781
0.39443 0.31686 0.14532 -0.50427 0.48402 0.52554 0.48502
0.39314 0.31725 0.14535 -0.50333 0.48444 0.52698 0.48402
0.39201 0.31776 0.14551 -0.50204 0.4854 0.5279 0.48339
0.39201 0.31776 0.14551 -0.50204 0.4854 0.5279 0.48339
0.39201 0.31776 0.14551 -0.50204 0.4854 0.5279 0.48339
0.38861 0.31903 0.14566 -0.50109 0.4859 0.53105 0.48042
0.38726 0.31899 0.14558 -0.50096 0.48671 0.53162 0.4791
0.38599 0.31909 0.14527 -0.5 0.4875 0.53258 0.47822
0.38599 0.31909 0.14527 -0.5 0.4875 0.53258 0.47822
0.38599 0.31909 0.14527 -0.5 0.4875 0.53258 0.47822
0.38371 0.31964 0.14525 -0.49863 0.48849 0.53441 0.4766
0.38322 0.32082 0.14609 -0.49937 0.48782 0.53525 0.47558
0.38208 0.32116 0.14596 -0.4982 0.48829 0.53597 0.47551
0.38208 0.32116 0.14596 -0.4982 0.48829 0.53597 0.47551
0.38208 0.32116 0.14596 -0.4982 0.48829 0.53597 0.47551
0.38057 0.32112 0.14608 -0.49822 0.48893 0.53696 0.4737
0.37989 0.32115 0.14592 -0.49745 0.48959 0.53755 0.47316
0.37946 0.32212 0.14601 -0.49743 0.48894 0.53864 0.47262
0.37946 0.32212 0.14601 -0.49743 0.48894 0.53864 0.47262
0.37946 0.32212 0.14601 -0.49743 0.48894 0.53864 0.47262
0.37905 0.32097 0.14554 -0.49665 0.48989 0.53826 0.47289
0.37918 0.32103 0.14562 -0.49695 0.48995 0.53858 0.47215
0.37911 0.3203 0.14559 -0.49666 0.49048 0.53762 0.47299
0.37911 0.3203 0.14559 -0.49666 0.49048 0.53762 0.47299
0.37911 0.3203 0.14559 -0.49666 0.49048 0.53762 0.47299
0.37882 0.32126 0.14537 -0.49684 0.48978 0.53867 0.47234
0.37952 0.32149 0.14607 -0.49771 0.48915 0.53818 0.47264
0.37897 0.32059 0.14547 -0.49739 0.4903 0.53799 0.47199
0.37897 0.32059 0.14547 -0.49739 0.4903 0.53799 0.47199
0.37897 0.32059 0.14547 -0.49739 0.4903 0.53799 0.47199
0.37906 0.32194 0.14603 -0.49733 0.48922 0.53881 0.47225
0.37921 0.32118 0.14608 -0.49725 0.48974 0.53812 0.47258
0.37895 0.32221 0.14589 -0.49684 0.48928 0.53889 0.47261
0.37895 0.32221 0.14589 -0.49684 0.48928 0.53889 0.47261
0.37895 0.32221 0.14589 -0.49684 0.48928 0.53889 0.47261
0.37956 0.32179 0.14617 -0.49839 0.48885 0.53842 0.47195
0.37929 0.32161 0.14582 -0.49768 0.48893 0.53847 0.47256
0.37966 0.32221 0.1465 -0.49702 0.48892 0.53829 0.47348
0.37966 0.32221 0.1465 -0.49702 0.48892 0.53829 0.47348
0.37966 0.32221 0.1465 -0.49702 0.48892 0.53829 0.47348
0.38018 0.32222 0.1462 -0.49837 0.48835 0.53795 0.47303
0.38025 0.32124 0.14546 -0.4989 0.48853 0.53749 0.4728
0.38194 0.32133 0.14615 -0.49912 0.48798 0.53614 0.47466
0.38194 0.32133 0.14615 -0.49912 0.48798 0.53614 0.47466
0.38194 0.32133 0.14615 -0.49912 0.48798 0.53614 0.47466
0.38329 0.32199 0.14608 -0.50032 0.48623 0.53512 0.47635
0.38479 0.32078 0.14635 -0.50174 0.48576 0.5335 0.47715
0.38501 0.3202 0.146 -0.50096 0.48631 0.53294 0.47804
0.38501 0.3202 0.146 -0.50096 0.48631 0.53294 0.47804
0.38501 0.3202 0.146 -0.50096 0.48631 0.53294 0.47804
0.38893 0.32033 0.14845 -0.50428 0.48341 0.5294 0.48141
0.3905 0.32118 0.14976 -0.50396 0.48242 0.52838 0.48384
0.3922 0.32043 0.15075 -0.50374 0.48255 0.5264 0.4861
0.3922 0.32043 0.15075 -0.50374 0.48255 0.5264 0.4861
0.3922 0.32043 0.15075 -0.50374 0.48255 0.5264 0.4861
0.39631 0.32115 0.15491 -0.50597 0.47946 0.52297 0.49053
0.39735 0.31992 0.15596 -0.50629 0.47976 0.52162 0.49134
0.3989 0.32064 0.15761 -0.50602 0.47879 0.52041 0.49383
0.3989 0.32064 0.15761 -0.50602 0.47879 0.52041 0.49383
0.3989 0.32064 0.15761 -0.50602 0.47879 0.52041 0.49383
0.40228 0.32035 0.16285 -0.50481 0.47812 0.51664 0.49966
0.40315 0.31902 0.16418 -0.50466 0.47834 0.51518 0.5011
0.40377 0.31966 0.16589 -0.50489 0.47775 0.51448 0.50215
0.40377 0.31966 0.16589 -0.50489 0.47775 0.51448 0.50215
0.40377 0.31966 0.16589 -0.50489 0.47775 0.51448 0.50215
0.40592 0.31942 0.1713 -0.50198 0.47799 0.51196 0.50739
0.40653 0.31942 0.17337 -0.50158 0.47764 0.51137 0.5087
0.40739 0.31937 0.17543 -0.50116 0.4777 0.51 0.51043
0.40739 0.31937 0.17543 -0.50116 0.4777 0.51 0.51043
0.40739 0.31937 0.17543 -0.50116 0.4777 0.51 0.51043
0.4075 0.31929 0.1806 -0.4977 0.47879 0.50928 0.51351
0.4079 0.31868 0.18247 -0.49754 0.47893 0.50863 0.51417
0.40726 0.31878 0.18398 -0.49588 0.47981 0.50876 0.51482
0.40726 0.31878 0.18398 -0.49588 0.47981 0.50876 0.51482
0.40726 0.31878 0.18398 -0.49588 0.47981 0.50876 0.51482
0.4074 0.3195 0.18971 -0.49136 0.48081 0.50837 0.5186
0.40645 0.32004 0.19131 -0.48937 0.48174 0.50894 0.51906
0.40654 0.31981 0.19309 -0.48789 0.48191 0.50861 0.52061
0.40654 0.31981 0.19309 -0.48789 0.48191 0.50861 0.52061
0.40654 0.31981 0.19309 -0.48789 0.48191 0.50861 0.52061
0.40544 0.32119 0.19897 -0.48304 0.48335 0.5091 0.52332
0.40516 0.32208 0.20108 -0.4813 0.48327 0.5099 0.52421
0.40499 0.32227 0.20176 -0.48048 0.48347 0.50999 0.5247
0.40499 0.32227 0.20176 -0.48048 0.48347 0.50999 0.5247
0.40499 0.32227 0.20176 -0.48048 0.48347 0.50999 0.5247
0.40222 0.32371 0.20811 -0.47517 0.48545 0.51161 0.52613
0.40093 0.32481 0.20987 -0.47265 0.48579 0.51253 0.52718
0.40009 0.32499 0.21125 -0.47213 0.48602 0.51325 0.52674
0.40009 0.32499 0.21125 -0.47213 0.48602 0.51325 0.52674
0.40009 0.32499 0.21125 -0.47213 0.48602 0.51325 0.52674
0.3978 0.32669 0.21745 -0.46792 0.48671 0.51387 0.52925
0.39781 0.32718 0.21954 -0.46678 0.48641 0.51379 0.5306
0.39684 0.32756 0.22091 -0.46574 0.48651 0.51434 0.53089
0.39684 0.32756 0.22091 -0.46574 0.48651 0.51434 0.53089
0.39684 0.32756 0.22091 -0.46574 0.48651 0.51434 0.53089
0.39601 0.32668 0.22628 -0.46274 0.4874 0.51309 0.5339
0.39593 0.32753 0.22837 -0.46131 0.48711 0.51337 0.53514
0.39512 0.32716 0.22993 -0.46016 0.48768 0.513 0.53596
0.39512 0.32716 0.22993 -0.46016 0.48768 0.513 0.53596
0.39512 0.32716 0.22993 -0.46016 0.48768 0.513 0.53596
0.39412 0.32648 0.23533 -0.4578 0.48804 0.5117 0.53888
0.39402 0.32593 0.23772 -0.45706 0.48842 0.51065 0.54016
0.39379 0.32559 0.23921 -0.45688 0.48832 0.51019 0.54084
0.39379 0.32559 0.23921 -0.45688 0.48832 0.51019 0.54084
0.39379 0.32559 0.23921 -0.45688 0.48832 0.51019 0.54084
0.39263 0.32493 0.24452 -0.45478 0.48836 0.50809 0.54453
0.39207 0.32408 0.24619 -0.4542 0.48893 0.50734 0.54521
0.39243 0.3245 0.24823 -0.45393 0.48815 0.50654 0.54688
0.39243 0.3245 0.24823 -0.45393 0.48815 0.50654 0.54688
0.39243 0.3245 0.24823 -0.45393 0.48815 0.50654 0.54688
0.39133 0.32161 0.25376 -0.4542 0.48894 0.50314 0.54908
0.39058 0.3213 0.25565 -0.45348 0.48959 0.5022 0.54996
0.39049 0.32053 0.25729 -0.45314 0.48995 0.50081 0.55118
0.39049 0.32053 0.25729 -0.45314 0.48995 0.50081 0.55118
0.39049 0.32053 0.25729 -0.45314 0.48995 0.50081 0.55118
0.38912 0.31816 0.26287 -0.45332 0.49128 0.49658 0.55367
0.38915 0.31654 0.26459 -0.45505 0.49127 0.49481 0.55384
0.3882 0.31584 0.26619 -0.45448 0.49232 0.49327 0.55475
0.3882 0.31584 0.26619 -0.45448 0.49232 0.49327 0.55475
0.3882 0.31584 0.26619 -0.45448 0.49232 0.49327 0.55475
0.38749 0.31311 0.27202 -0.4555 0.49333 0.4883 0.55741
0.38573 0.31289 0.27329 -0.45604 0.49385 0.4884 0.55641
0.38487 0.31162 0.27444 -0.45581 0.49481 0.48689 0.55708
0.38487 0.31162 0.27444 -0.45581 0.49481 0.48689 0.55708
0.38487 0.31162 0.27444 -0.45581 0.49481 0.48689 0.55708
0.38289 0.31104 0.28008 -0.45627 0.49482 0.48391 0.55929
0.38284 0.31026 0.28199 -0.45737 0.49451 0.482 0.56031
0.38175 0.30905 0.28312 -0.4575 0.4954 0.48091 0.56034
0.38175 0.30905 0.28312 -0.4575 0.4954 0.48091 0.56034
0.38175 0.30905 0.28312 -0.4575 0.4954 0.48091 0.56034
0.37868 0.31028 0.28884 -0.45734 0.49468 0.47948 0.56234
0.37794 0.3096 0.29002 -0.45743 0.49508 0.47859 0.56267
0.37694 0.30979 0.29171 -0.45754 0.49447 0.47776 0.56382
0.37694 0.30979 0.29171 -0.45754 0.49447 0.47776 0.56382
0.37694 0.30979 0.29171 -0.45754 0.49447 0.47776 0.56382
0.37505 0.31034 0.29642 -0.45764 0.49343 0.47547 0.56658
0.37443 0.30942 0.29783 -0.45873 0.49379 0.47392 0.56669
0.37448 0.30984 0.2995 -0.45889 0.49263 0.47299 0.56835
0.37448 0.30984 0.2995 -0.45889 0.49263 0.47299 0.56835
0.37448 0.30984 0.2995 -0.45889 0.49263 0.47299 0.56835
0.37344 0.30884 0.30403 -0.4602 0.49159 0.46949 0.57109
0.37278 0.30858 0.30552 -0.46084 0.491 0.4684 0.57197
0.37337 0.30814 0.30666 -0.46149 0.49055 0.46681 0.57313
0.37337 0.30814 0.30666 -0.46149 0.49055 0.46681 0.57313
0.37337 0.30814 0.30666 -0.46149 0.49055 0.46681 0.57313
0.37235 0.30721 0.31065 -0.46212 0.49009 0.46305 0.57606
0.37113 0.3079 0.31142 -0.46175 0.48978 0.46312 0.57656
0.37183 0.30645 0.31313 -0.46304 0.48954 0.46058 0.57776
0.37183 0.30645 0.31313 -0.46304 0.48954 0.46058 0.57776
0.37183 0.30645 0.31313 -0.46304 0.48954 0.46058 0.57776
0.37064 0.30573 0.3162 -0.46387 0.48953 0.45783 0.57929
0.37033 0.30471 0.31722 -0.46454 0.48971 0.45625 0.57985
0.37019 0.30416 0.31816 -0.46544 0.48956 0.45496 0.58026
0.37019 0.30416 0.31816 -0.46544 0.48956 0.45496 0.58026
0.37019 0.30416 0.31816 -0.46544 0.48956 0.45496 0.58026
0.36978 0.30285 0.32055 -0.46634 0.48975 0.45166 0.58196
0.369 0.30123 0.32119 -0.46749 0.4908 0.44991 0.58151
0.36867 0.30167 0.32206 -0.46775 0.49037 0.4495 0.58198
0.36867 0.30167 0.32206 -0.46775 0.49037 0.4495 0.58198
0.36867 0.30167 0.32206 -0.46775 0.49037 0.4495 0.58198
0.36731 0.29961 0.32342 -0.4691 0.49158 0.44668 0.58204
0.36754 0.29916 0.32454 -0.47027 0.49112 0.44546 0.58242
0.36681 0.2985 0.32441 -0.47014 0.49197 0.44503 0.58214
0.36681 0.2985 0.32441 -0.47014 0.49197 0.44503 0.58214
0.36681 0.2985 0.32441 -0.47014 0.49197 0.44503 0.58214
0.36628 0.29831 0.32666 -0.47125 0.4916 0.4429 0.58317
0.36602 0.29799 0.32716 -0.47186 0.49184 0.44265 0.58267
0.36574 0.29721 0.32724 -0.47188 0.4921 0.44158 0.58325
0.36574 0.29721 0.32724 -0.47188 0.4921 0.44158 0.58325
0.36574 0.29721 0.32724 -0.47188 0.4921 0.44158 0.58325
0.36484 0.29744 0.32861 -0.47263 0.49192 0.44093 0.58328
0.36454 0.29714 0.32874 -0.47244 0.49226 0.44046 0.5835
0.36476 0.29734 0.32947 -0.47298 0.49179 0.44007 0.58375
0.36476 0.29734 0.32947 -0.47298 0.49179 0.44007 0.58375
0.36476 0.29734 0.32947 -0.47298 0.49179 0.44007 0.58375
0.36422 0.29769 0.33047 -0.4733 0.49156 0.43948 0.58413
0.36389 0.29772 0.33059 -0.47274 0.49185 0.4394 0.58441
0.36356 0.2986 0.33087 -0.47367 0.49086 0.4403 0.58381
0.36356 0.2986 0.33087 -0.47367 0.49086 0.4403 0.58381
0.36356 0.2986 0.33087 -0.47367 0.49086 0.4403 0.58381
0.36311 0.29898 0.33169 -0.47523 0.48934 0.44148 0.58292
0.36291 0.29936 0.33191 -0.4751 0.48903 0.4421 0.58281
0.36306 0.29915 0.33217 -0.47594 0.48819 0.44248 0.58254
0.36306 0.29915 0.33217 -0.47594 0.48819 0.44248 0.58254
0.36306 0.29915 0.33217 -0.47594 0.48819 0.44248 0.58254
0.36295 0.30005 0.3328 -0.47797 0.48535 0.44504 0.5813
0.3629 0.30012 0.33327 -0.47815 0.48463 0.44576 0.58121
0.36306 0.30061 0.33361 -0.48021 0.48319 0.44667 0.58001
0.36306 0.30061 0.33361 -0.48021 0.48319 0.44667 0.58001
0.36306 0.30061 0.33361 -0.48021 0.48319 0.44667 0.58001
0.36277 0.30158 0.33397 -0.48281 0.48012 0.44973 0.57803
0.36317 0.30123 0.33411 -0.48344 0.47956 0.45013 0.57766
0.36324 0.30181 0.33412 -0.48386 0.47828 0.45137 0.5774
0.36324 0.30181 0.33412 -0.48386 0.47828 0.45137 0.5774
0.36324 0.30181 0.33412 -0.48386 0.47828 0.45137 0.5774
0.3628 0.30241 0.33473 -0.4872 0.47609 0.45402 0.57432
0.36287 0.30252 0.33466 -0.48708 0.47516 0.45492 0.57447
0.36308 0.30328 0.33515 -0.48789 0.47382 0.45611 0.57395
0.36308 0.30328 0.33515 -0.48789 0.47382 0.45611 0.57395
0.36308 0.30328 0.33515 -0.48789 0.47382 0.45611 0.57395
0.36293 0.30423 0.33548 -0.49008 0.47152 0.45864 0.57197
0.36295 0.30347 0.33528 -0.48982 0.47194 0.45822 0.57217
0.36288 0.30394 0.335 -0.49111 0.47071 0.45967 0.57091
0.36288 0.30394 0.335 -0.49111 0.47071 0.45967 0.57091
0.36288 0.30394 0.335 -0.49111 0.47071 0.45967 0.57091
0.36314 0.30382 0.33528 -0.49319 0.46896 0.46081 0.56964
0.36374 0.30393 0.33541 -0.49375 0.46836 0.46063 0.5698
0.36341 0.30497 0.33592 -0.49317 0.46778 0.46172 0.56989
0.36341 0.30497 0.33592 -0.49317 0.46778 0.46172 0.56989
0.36341 0.30497 0.33592 -0.49317 0.46778 0.46172 0.56989
0.3628 0.30541 0.33568 -0.4936 0.46725 0.46351 0.5685
0.36305 0.30578 0.33601 -0.49402 0.46638 0.46385 0.56858
0.36338 0.30535 0.3361 -0.49452 0.4665 0.46332 0.56847
0.36338 0.30535 0.3361 -0.49452 0.4665 0.46332 0.56847
0.36338 0.30535 0.3361 -0.49452 0.4665 0.46332 0.56847
0.36304 0.30541 0.33595 -0.49447 0.46627 0.46437 0.56785
0.36331 0.30586 0.33615 -0.49587 0.46495 0.46462 0.5675
0.36286 0.30674 0.33626 -0.49503 0.46484 0.46562 0.56751
0.36286 0.30674 0.33626 -0.49503 0.46484 0.46562 0.56751
0.36286 0.30674 0.33626 -0.49503 0.46484 0.46562 0.56751
0.36281 0.30626 0.33625 -0.49613 0.46447 0.46596 0.56657
0.36329 0.30694 0.33653 -0.49517 0.46404 0.46594 0.56777
0.36323 0.30642 0.33617 -0.49594 0.46429 0.46551 0.56725
0.36323 0.30642 0.33617 -0.49594 0.46429 0.46551 0.56725
0.36323 0.30642 0.33617 -0.49594 0.46429 0.46551 0.56725
0.36274 0.3067 0.33626 -0.4954 0.46437 0.46622 0.56708
0.36254 0.30662 0.33605 -0.49614 0.46422 0.4664 0.5664
0.36274 0.3069 0.33643 -0.49568 0.46421 0.46617 0.56701
0.36274 0.3069 0.33643 -0.49568 0.46421 0.46617 0.56701
0.36274 0.3069 0.33643 -0.49568 0.46421 0.46617 0.56701
0.3626 0.30631 0.33626 -0.49536 0.46486 0.46588 0.56699
0.36308 0.30645 0.33644 -0.49534 0.4644 0.46587 0.56739
0.36311 0.30656 0.33639 -0.49577 0.46419 0.46591 0.56715
0.36311 0.30656 0.33639 -0.49577 0.46419 0.46591 0.56715
0.36311 0.30656 0.33639 -0.49577 0.46419 0.46591 0.56715
0.36311 0.3057 0.33607 -0.49618 0.4648 0.46533 0.56678
0.36303 0.30609 0.33585 -0.49587 0.46481 0.4659 0.56657
